1563365575001916004 263 189 1163 417 189 1947
1563365575667223910 403 163 1159 307 204 1993
1563365576000283806 470 158 1243 257 181 1872
1563365576333813417 513 118 1376 222 220 1907
1563365576666526706 553 150 1513 160 178 1930
1563365576999710440 564 137 1646 112 163 1888
1563365577333273456 535 132 1825 98 176 1778
1563365577666446011 530 135 1920 90 193 1710
1563365577999932314 530 150 1989 80 195 1615
1563365578332702400 532 158 2111 66 209 1509
1563365578666188292 518 141 2165 74 134 1477
1563365578999956969 503 172 2052 137 230 1461
1563365579332300954 467 200 2177 197 213 1513
1563365579665654237 408 141 2235 262 227 1517
1563365580331695682 284 205 2186 365 190 1526
1563365580665045558 233 181 2329 424 190 1648
1563365580998180007 183 176 2334 460 176 1715
1563365581331744719 147 182 2420 486 167 1671
1563365581664526231 102 170 2253 507 140 1718
1563365581998641234 64 184 2199 530 183 1810
1563365582330979945 40 190 2037 530 160 1850
1563365582664440773 32 214 1813 506 146 1822
1563365582997643819 30 228 1656 450 190 1847
1563365583330443539 36 226 1438 405 200 1937
1563365583663890651 53 178 1326 350 215 1968
1563365583996887979 73 169 1131 305 148 1941
1563365584330212930 101 115 1028 258 151 2022
1563365584996664886 291 112 1046 181 227 2095
1563365585329829780 378 280 1095 147 185 1986
1563365585662817234 433 150 1100 97 176 2041
1563365585995849738 455 138 1179 61 207 2019
1563365586329339489 478 138 1306 61 193 2008
1563365586663138748 474 142 1481 51 207 1917
1563365586997111109 482 123 1634 67 194 1862
1563365587328794577 490 118 1825 83 175 1799
1563365587662109184 492 120 1979 92 170 1666
1563365587995688301 470 121 2152 108 186 1435
1563365588328337947 450 134 2344 150 181 1481
1563365588661489097 430 143 2475 202 186 1560
1563365588994784655 420 140 2537 235 195 1620
1563365589328032114 400 148 2711 280 183 1511
1563365589660968900 360 71 2561 310 162 1573
1563365590327875370 373 274 2758 415 205 1694
1563365590661466783 358 138 2765 439 184 1723
1563365590994320496 376 138 2793 468 169 1704
1563365591327082666 395 155 2779 500 172 1684
1563365591660371306 403 155 2829 528 182 1644
1563365591993383711 407 147 2745 560 172 1813
1563365592326613394 403 143 2752 543 171 1850
1563365592659953355 412 143 2758 530 172 1859
1563365592993095661 418 121 2738 508 172 1865
1563365593326233459 412 86 2578 476 122 1831
1563365593992518556 453 133 2678 397 218 1773
1563365594325800016 455 157 2549 350 230 1844
1563365594659078076 478 150 2578 320 206 1872
1563365594992758081 492 150 2486 250 215 1907
1563365595325217994 492 134 2426 208 170 1894
1563365595659055645 480 143 2379 164 166 1947
1563365595991472623 500 140 2295 130 175 2019
1563365596325100328 500 131 2212 130 190 2056
1563365596658218400 517 145 2075 128 177 2123
1563365596992018590 500 150 2008 142 175 2253
1563365597324370059 472 142 1872 150 175 2195
1563365597657716697 446 131 1784 175 175 2119
1563365597990836823 418 141 1582 203 177 2115
1563365598324123058 376 143 1454 238 171 2248
1563365598657190444 338 220 1369 245 148 2304
1563365598991640018 236 154 1346 287 298 2300
1563365599323514820 177 174 1301 300 147 2285
1563365599656967359 77 181 1297 311 150 2276
1563365599990286586 35 181 1407 346 161 2290
