header: 
  seq: 7362
  stamp: 
    secs: 0
    nsecs:         0
  frame_id: "base_radar_link"
height: 1
width: 63
fields: 
  - 
    name: "x"
    offset: 0
    datatype: 7
    count: 1
  - 
    name: "y"
    offset: 4
    datatype: 7
    count: 1
  - 
    name: "z"
    offset: 8
    datatype: 7
    count: 1
  - 
    name: "intensity"
    offset: 16
    datatype: 7
    count: 1
  - 
    name: "range"
    offset: 20
    datatype: 7
    count: 1
  - 
    name: "doppler"
    offset: 24
    datatype: 7
    count: 1
is_bigendian: False
point_step: 32
row_step: 2016
data: [0, 0, 176, 62, 0, 0, 176, 188, 0, 0, 88, 189, 0, 0, 0, 0, 191, 153, 204, 65, 92, 143, 178, 62, 0, 0, 0, 0, 0, 0, 0, 0, 0, 128, 28, 63, 0, 0, 0, 128, 0, 0, 128, 187, 0, 0, 0, 0, 60, 209, 177, 65, 112, 61, 28, 63, 0, 0, 0, 0, 0, 0, 0, 0, 0, 128, 39, 63, 0, 0, 160, 188, 0, 0, 144, 188, 0, 0, 0, 0, 249, 237, 192, 65, 102, 102, 39, 63, 0, 0, 0, 0, 0, 0, 0, 0, 0, 0, 151, 62, 0, 0, 34, 191, 0, 0, 64, 60, 0, 0, 0, 0, 50, 61, 189, 65, 92, 143, 50, 63, 0, 0, 0, 0, 0, 0, 0, 0, 0, 64, 149, 63, 0, 0, 137, 190, 0, 0, 128, 62, 0, 0, 0, 0, 179, 92, 205, 65, 112, 61, 156, 63, 0, 0, 0, 0, 0, 0, 0, 0, 0, 64, 155, 63, 0, 0, 142, 190, 0, 0, 106, 62, 0, 0, 0, 0, 14, 237, 224, 65, 235, 209, 161, 63, 0, 0, 0, 0, 0, 0, 0, 0, 0, 128, 161, 63, 0, 0, 147, 190, 0, 0, 68, 62, 0, 0, 0, 0, 144, 196, 213, 65, 102, 102, 167, 63, 0, 0, 0, 0, 0, 0, 0, 0, 0, 192, 165, 63, 0, 0, 151, 190, 0, 0, 128, 62, 0, 0, 0, 0, 126, 214, 179, 65, 225, 250, 172, 63, 0, 0, 0, 0, 0, 0, 0, 0, 0, 0, 102, 63, 0, 0, 179, 190, 0, 64, 129, 63, 0, 0, 0, 0, 232, 26, 153, 65, 92, 143, 178, 63, 0, 0, 0, 0, 0, 0, 0, 0, 0, 128, 15, 63, 0, 0, 172, 63, 0, 0, 144, 62, 0, 0, 0, 0, 39, 2, 121, 65, 82, 184, 189, 63, 0, 0, 0, 0, 0, 0, 0, 0, 0, 0, 6, 63, 0, 64, 183, 63, 0, 0, 196, 61, 0, 0, 0, 0, 116, 213, 92, 65, 205, 76, 195, 63, 0, 0, 0, 0, 0, 0, 0, 0, 0, 64, 18, 64, 0, 0, 94, 190, 0, 0, 144, 62, 0, 0, 0, 0, 37, 220, 129, 65, 184, 222, 19, 64, 0, 0, 0, 0, 0, 0, 0, 0, 0, 160, 21, 64, 0, 0, 98, 190, 0, 0, 62, 62, 0, 0, 0, 0, 233, 121, 131, 65, 246, 168, 22, 64, 0, 0, 0, 0, 0, 0, 0, 0, 0, 64, 243, 63, 0, 64, 163, 63, 0, 0, 57, 63, 0, 0, 0, 0, 241, 210, 112, 65, 51, 115, 25, 64, 0, 0, 0, 0, 0, 0, 0, 0, 0, 0, 240, 63, 0, 192, 185, 63, 0, 128, 23, 63, 0, 0, 0, 0, 241, 210, 112, 65, 112, 61, 28, 64, 0, 0, 0, 0, 0, 0, 0, 0, 0, 0, 238, 63, 0, 0, 199, 63, 0, 0, 15, 63, 0, 0, 0, 0, 241, 210, 112, 65, 174, 7, 31, 64, 0, 0, 0, 0, 0, 0, 0, 0, 0, 64, 241, 63, 0, 64, 230, 63, 0, 0, 126, 62, 0, 0, 0, 0, 232, 6, 161, 65, 102, 102, 39, 64, 0, 0, 0, 0, 0, 0, 0, 0, 0, 192, 243, 63, 0, 64, 234, 63, 0, 0, 167, 62, 0, 0, 0, 0, 1, 48, 177, 65, 164, 48, 42, 64, 0, 0, 0, 0, 0, 0, 0, 0, 0, 192, 15, 64, 0, 192, 233, 191, 0, 0, 205, 62, 0, 0, 0, 0, 79, 181, 187, 65, 20, 238, 58, 64, 0, 0, 0, 0, 0, 0, 0, 0, 0, 160, 26, 64, 0, 128, 213, 191, 0, 0, 214, 62, 0, 0, 0, 0, 55, 216, 182, 65, 82, 184, 61, 64, 0, 0, 0, 0, 0, 0, 0, 0, 0, 0, 29, 64, 0, 192, 216, 191, 0, 0, 217, 62, 0, 0, 0, 0, 26, 191, 206, 65, 143, 130, 64, 64, 0, 0, 0, 0, 0, 0, 0, 0, 0, 0, 36, 64, 0, 192, 207, 191, 0, 0, 185, 62, 0, 0, 0, 0, 151, 249, 199, 65, 205, 76, 67, 64, 0, 0, 0, 0, 0, 0, 0, 0, 0, 192, 39, 64, 0, 128, 210, 191, 0, 0, 208, 61, 0, 0, 0, 0, 133, 172, 162, 65, 10, 23, 70, 64, 0, 0, 0, 0, 0, 0, 0, 0, 0, 160, 115, 64, 0, 0, 164, 191, 0, 128, 83, 63, 0, 0, 0, 0, 230, 77, 168, 65, 72, 33, 131, 64, 0, 0, 0, 0, 0, 0, 0, 0, 0, 192, 119, 64, 0, 192, 165, 191, 0, 0, 54, 63, 0, 0, 0, 0, 246, 67, 196, 65, 102, 134, 132, 64, 0, 0, 0, 0, 0, 0, 0, 0, 0, 64, 119, 64, 0, 64, 184, 191, 0, 0, 61, 63, 0, 0, 0, 0, 129, 229, 195, 65, 133, 235, 133, 64, 0, 0, 0, 0, 0, 0, 0, 0, 0, 128, 111, 64, 0, 0, 220, 191, 0, 0, 120, 63, 0, 0, 0, 0, 246, 155, 221, 65, 164, 80, 135, 64, 0, 0, 0, 0, 0, 0, 0, 0, 0, 96, 114, 64, 0, 64, 222, 191, 0, 128, 117, 63, 0, 0, 0, 0, 132, 162, 228, 65, 194, 181, 136, 64, 0, 0, 0, 0, 0, 0, 0, 0, 0, 96, 117, 64, 0, 128, 224, 191, 0, 0, 112, 63, 0, 0, 0, 0, 240, 41, 201, 65, 225, 26, 138, 64, 0, 0, 0, 0, 0, 0, 0, 0, 0, 224, 119, 64, 0, 32, 4, 192, 0, 0, 192, 62, 0, 0, 0, 0, 225, 216, 168, 65, 31, 229, 140, 64, 0, 0, 0, 0, 0, 0, 0, 0, 0, 128, 139, 64, 0, 64, 228, 191, 0, 128, 39, 63, 0, 0, 0, 0, 139, 233, 122, 65, 20, 14, 152, 64, 0, 0, 0, 0, 0, 0, 0, 0, 0, 64, 135, 64, 0, 128, 249, 191, 0, 0, 149, 63, 0, 0, 0, 0, 161, 58, 139, 65, 51, 115, 153, 64, 0, 0, 0, 0, 0, 0, 0, 0, 0, 208, 137, 64, 0, 192, 251, 191, 0, 192, 129, 63, 0, 0, 0, 0, 240, 195, 124, 65, 82, 216, 154, 64, 0, 0, 0, 0, 0, 0, 0, 0, 0, 144, 143, 64, 0, 0, 217, 191, 0, 64, 146, 63, 0, 0, 0, 0, 152, 139, 103, 65, 143, 162, 157, 64, 0, 0, 0, 0, 0, 0, 0, 0, 0, 208, 144, 64, 0, 192, 218, 191, 0, 64, 147, 63, 0, 0, 0, 0, 95, 224, 89, 65, 174, 7, 159, 64, 0, 0, 0, 0, 0, 0, 0, 0, 0, 0, 178, 62, 0, 0, 64, 188, 0, 0, 0, 189, 0, 0, 0, 0, 180, 187, 183, 65, 92, 143, 178, 62, 242, 39, 128, 62, 0, 0, 0, 0, 0, 0, 28, 63, 0, 0, 0, 128, 0, 0, 24, 61, 0, 0, 0, 0, 43, 185, 156, 65, 112, 61, 28, 63, 242, 39, 128, 62, 0, 0, 0, 0, 0, 128, 39, 63, 0, 0, 0, 128, 0, 0, 192, 60, 0, 0, 0, 0, 180, 176, 171, 65, 102, 102, 39, 63, 242, 39, 128, 62, 0, 0, 0, 0, 0, 0, 169, 62, 0, 128, 28, 191, 0, 0, 140, 61, 0, 0, 0, 0, 184, 192, 167, 65, 92, 143, 50, 63, 242, 39, 128, 62, 0, 0, 0, 0, 0, 0, 147, 63, 0, 0, 137, 190, 0, 0, 164, 62, 0, 0, 0, 0, 79, 76, 159, 65, 112, 61, 156, 63, 242, 39, 128, 62, 0, 0, 0, 0, 0, 0, 154, 63, 0, 0, 114, 190, 0, 0, 160, 62, 0, 0, 0, 0, 25, 164, 179, 65, 235, 209, 161, 63, 242, 39, 128, 62, 0, 0, 0, 0, 0, 0, 160, 63, 0, 0, 124, 190, 0, 0, 154, 62, 0, 0, 0, 0, 2, 240, 171, 65, 102, 102, 167, 63, 242, 39, 128, 62, 0, 0, 0, 0, 0, 128, 164, 63, 0, 0, 130, 190, 0, 0, 172, 62, 0, 0, 0, 0, 13, 171, 141, 65, 225, 250, 172, 63, 242, 39, 128, 62, 0, 0, 0, 0, 0, 0, 144, 62, 0, 0, 184, 63, 0, 0, 114, 62, 0, 0, 0, 0, 114, 159, 38, 65, 82, 184, 189, 63, 242, 39, 128, 62, 0, 0, 0, 0, 0, 0, 18, 64, 0, 0, 20, 190, 0, 0, 180, 62, 0, 0, 0, 0, 246, 215, 72, 65, 184, 222, 19, 64, 242, 39, 128, 62, 0, 0, 0, 0, 0, 160, 21, 64, 0, 0, 22, 190, 0, 0, 129, 62, 0, 0, 0, 0, 246, 215, 72, 65, 246, 168, 22, 64, 242, 39, 128, 62, 0, 0, 0, 0, 0, 0, 246, 63, 0, 64, 163, 63, 0, 0, 41, 63, 0, 0, 0, 0, 246, 215, 72, 65, 51, 115, 25, 64, 242, 39, 128, 62, 0, 0, 0, 0, 0, 0, 226, 63, 0, 128, 195, 63, 0, 0, 56, 63, 0, 0, 0, 0, 246, 215, 72, 65, 112, 61, 28, 64, 242, 39, 128, 62, 0, 0, 0, 0, 0, 0, 227, 63, 0, 192, 208, 63, 0, 0, 29, 63, 0, 0, 0, 0, 246, 215, 72, 65, 174, 7, 31, 64, 242, 39, 128, 62, 0, 0, 0, 0, 0, 64, 237, 63, 0, 64, 230, 63, 0, 0, 214, 62, 0, 0, 0, 0, 81, 120, 140, 65, 102, 102, 39, 64, 242, 39, 128, 62, 0, 0, 0, 0, 0, 0, 239, 63, 0, 64, 234, 63, 0, 0, 255, 62, 0, 0, 0, 0, 227, 86, 156, 65, 164, 48, 42, 64, 242, 39, 128, 62, 0, 0, 0, 0, 0, 0, 18, 64, 0, 0, 222, 191, 0, 0, 19, 63, 0, 0, 0, 0, 166, 232, 166, 65, 20, 238, 58, 64, 242, 39, 128, 62, 0, 0, 0, 0, 0, 0, 24, 64, 0, 128, 213, 191, 0, 128, 27, 63, 0, 0, 0, 0, 68, 6, 162, 65, 82, 184, 61, 64, 242, 39, 128, 62, 0, 0, 0, 0, 0, 128, 30, 64, 0, 192, 204, 191, 0, 128, 27, 63, 0, 0, 0, 0, 92, 27, 186, 65, 143, 130, 64, 64, 242, 39, 128, 62, 0, 0, 0, 0, 0, 224, 33, 64, 0, 192, 207, 191, 0, 128, 11, 63, 0, 0, 0, 0, 159, 215, 178, 65, 205, 76, 67, 64, 242, 39, 128, 62, 0, 0, 0, 0, 0, 192, 38, 64, 0, 128, 210, 191, 0, 0, 157, 62, 0, 0, 0, 0, 13, 171, 141, 65, 10, 23, 70, 64, 242, 39, 128, 62, 0, 0, 0, 0, 0, 64, 111, 64, 0, 0, 164, 191, 0, 64, 140, 63, 0, 0, 0, 0, 197, 25, 148, 65, 72, 33, 131, 64, 242, 39, 128, 62, 0, 0, 0, 0, 0, 32, 116, 64, 0, 192, 165, 191, 0, 0, 122, 63, 0, 0, 0, 0, 157, 28, 176, 65, 102, 134, 132, 64, 242, 39, 128, 62, 0, 0, 0, 0, 0, 192, 114, 64, 0, 64, 184, 191, 0, 192, 132, 63, 0, 0, 0, 0, 127, 228, 175, 65, 133, 235, 133, 64, 242, 39, 128, 62, 0, 0, 0, 0, 0, 128, 110, 64, 0, 0, 203, 191, 0, 128, 156, 63, 0, 0, 0, 0, 168, 203, 201, 65, 164, 80, 135, 64, 242, 39, 128, 62, 0, 0, 0, 0, 0, 64, 113, 64, 0, 64, 205, 191, 0, 192, 156, 63, 0, 0, 0, 0, 166, 108, 208, 65, 194, 181, 136, 64, 242, 39, 128, 62, 0, 0, 0, 0, 0, 192, 112, 64, 0, 128, 224, 191, 0, 192, 152, 63, 0, 0, 0, 0, 120, 47, 181, 65, 225, 26, 138, 64, 242, 39, 128, 62, 0, 0, 0, 0, 0, 192, 116, 64, 0, 32, 4, 192, 0, 0, 56, 63, 0, 0, 0, 0, 43, 150, 148, 65, 31, 229, 140, 64, 242, 39, 128, 62, 0, 0, 0, 0]
is_dense: True
---
header: 
  seq: 7363
  stamp: 
    secs: 0
    nsecs:         0
  frame_id: "base_radar_link"
height: 1
width: 64
fields: 
  - 
    name: "x"
    offset: 0
    datatype: 7
    count: 1
  - 
    name: "y"
    offset: 4
    datatype: 7
    count: 1
  - 
    name: "z"
    offset: 8
    datatype: 7
    count: 1
  - 
    name: "intensity"
    offset: 16
    datatype: 7
    count: 1
  - 
    name: "range"
    offset: 20
    datatype: 7
    count: 1
  - 
    name: "doppler"
    offset: 24
    datatype: 7
    count: 1
is_bigendian: False
point_step: 32
row_step: 2048
data: [0, 0, 176, 62, 0, 0, 176, 188, 0, 0, 88, 189, 0, 0, 0, 0, 191, 153, 204, 65, 92, 143, 178, 62, 0, 0, 0, 0, 0, 0, 0, 0, 0, 128, 28, 63, 0, 0, 0, 128, 0, 0, 192, 187, 0, 0, 0, 0, 25, 164, 179, 65, 112, 61, 28, 63, 0, 0, 0, 0, 0, 0, 0, 0, 0, 128, 39, 63, 0, 0, 160, 188, 0, 0, 160, 188, 0, 0, 0, 0, 97, 16, 193, 65, 102, 102, 39, 63, 0, 0, 0, 0, 0, 0, 0, 0, 0, 0, 151, 62, 0, 0, 34, 191, 0, 0, 0, 59, 0, 0, 0, 0, 186, 106, 190, 65, 92, 143, 50, 63, 0, 0, 0, 0, 0, 0, 0, 0, 0, 0, 141, 63, 0, 0, 132, 190, 0, 0, 168, 62, 0, 0, 0, 0, 126, 214, 179, 65, 246, 168, 150, 63, 0, 0, 0, 0, 0, 0, 0, 0, 0, 0, 146, 63, 0, 0, 137, 190, 0, 0, 177, 62, 0, 0, 0, 0, 210, 173, 234, 65, 112, 61, 156, 63, 0, 0, 0, 0, 0, 0, 0, 0, 0, 64, 150, 63, 0, 0, 162, 190, 0, 0, 178, 62, 0, 0, 0, 0, 3, 9, 249, 65, 235, 209, 161, 63, 0, 0, 0, 0, 0, 0, 0, 0, 0, 64, 158, 63, 0, 0, 147, 190, 0, 0, 162, 62, 0, 0, 0, 0, 201, 162, 232, 65, 102, 102, 167, 63, 0, 0, 0, 0, 0, 0, 0, 0, 0, 64, 168, 63, 0, 0, 151, 190, 0, 0, 240, 61, 0, 0, 0, 0, 173, 95, 181, 65, 225, 250, 172, 63, 0, 0, 0, 0, 0, 0, 0, 0, 0, 64, 143, 63, 0, 0, 201, 190, 0, 128, 60, 63, 0, 0, 0, 0, 242, 37, 173, 65, 92, 143, 178, 63, 0, 0, 0, 0, 0, 0, 0, 0, 0, 128, 149, 63, 0, 0, 230, 190, 0, 128, 54, 63, 0, 0, 0, 0, 25, 164, 179, 65, 215, 35, 184, 63, 0, 0, 0, 0, 0, 0, 0, 0, 0, 128, 148, 63, 0, 0, 237, 190, 0, 128, 76, 63, 0, 0, 0, 0, 22, 241, 158, 65, 82, 184, 189, 63, 0, 0, 0, 0, 0, 0, 0, 0, 0, 192, 152, 63, 0, 128, 240, 63, 0, 128, 32, 63, 0, 0, 0, 0, 45, 158, 110, 65, 184, 222, 19, 64, 0, 0, 0, 0, 0, 0, 0, 0, 0, 64, 139, 63, 0, 128, 254, 63, 0, 128, 36, 63, 0, 0, 0, 0, 1, 19, 141, 65, 246, 168, 22, 64, 0, 0, 0, 0, 0, 0, 0, 0, 0, 128, 138, 63, 0, 128, 1, 64, 0, 0, 51, 63, 0, 0, 0, 0, 192, 71, 137, 65, 51, 115, 25, 64, 0, 0, 0, 0, 0, 0, 0, 0, 0, 128, 196, 63, 0, 192, 224, 63, 0, 0, 58, 63, 0, 0, 0, 0, 39, 2, 121, 65, 112, 61, 28, 64, 0, 0, 0, 0, 0, 0, 0, 0, 0, 64, 229, 63, 0, 192, 208, 63, 0, 128, 14, 63, 0, 0, 0, 0, 96, 9, 117, 65, 174, 7, 31, 64, 0, 0, 0, 0, 0, 0, 0, 0, 0, 64, 241, 63, 0, 64, 230, 63, 0, 0, 126, 62, 0, 0, 0, 0, 34, 176, 160, 65, 102, 102, 39, 64, 0, 0, 0, 0, 0, 0, 0, 0, 0, 0, 244, 63, 0, 64, 234, 63, 0, 0, 159, 62, 0, 0, 0, 0, 18, 102, 177, 65, 164, 48, 42, 64, 0, 0, 0, 0, 0, 0, 0, 0, 0, 224, 15, 64, 0, 192, 233, 191, 0, 0, 201, 62, 0, 0, 0, 0, 179, 44, 188, 65, 20, 238, 58, 64, 0, 0, 0, 0, 0, 0, 0, 0, 0, 192, 26, 64, 0, 128, 213, 191, 0, 0, 211, 62, 0, 0, 0, 0, 153, 109, 184, 65, 82, 184, 61, 64, 0, 0, 0, 0, 0, 0, 0, 0, 0, 224, 28, 64, 0, 192, 216, 191, 0, 0, 219, 62, 0, 0, 0, 0, 136, 74, 206, 65, 143, 130, 64, 64, 0, 0, 0, 0, 0, 0, 0, 0, 0, 192, 35, 64, 0, 192, 207, 191, 0, 0, 196, 62, 0, 0, 0, 0, 243, 239, 197, 65, 205, 76, 67, 64, 0, 0, 0, 0, 0, 0, 0, 0, 0, 64, 116, 64, 0, 224, 2, 192, 0, 128, 7, 63, 0, 0, 0, 0, 128, 90, 154, 65, 0, 128, 139, 64, 0, 0, 0, 0, 0, 0, 0, 0, 0, 224, 119, 64, 0, 32, 4, 192, 0, 0, 193, 62, 0, 0, 0, 0, 185, 48, 171, 65, 31, 229, 140, 64, 0, 0, 0, 0, 0, 0, 0, 0, 0, 96, 122, 64, 0, 128, 5, 192, 0, 0, 187, 62, 0, 0, 0, 0, 169, 217, 157, 65, 61, 74, 142, 64, 0, 0, 0, 0, 0, 0, 0, 0, 0, 16, 143, 64, 0, 128, 188, 191, 0, 0, 70, 62, 0, 0, 0, 0, 95, 224, 89, 65, 246, 168, 150, 64, 0, 0, 0, 0, 0, 0, 0, 0, 0, 64, 142, 64, 0, 64, 209, 191, 0, 0, 217, 62, 0, 0, 0, 0, 159, 171, 95, 65, 20, 14, 152, 64, 0, 0, 0, 0, 0, 0, 0, 0, 0, 16, 142, 64, 0, 64, 230, 191, 0, 0, 145, 62, 0, 0, 0, 0, 246, 215, 72, 65, 51, 115, 153, 64, 0, 0, 0, 0, 0, 0, 0, 0, 0, 0, 178, 62, 0, 0, 64, 188, 0, 0, 0, 189, 0, 0, 0, 0, 171, 142, 183, 65, 92, 143, 178, 62, 242, 39, 128, 62, 0, 0, 0, 0, 0, 0, 28, 63, 0, 0, 0, 128, 0, 0, 8, 61, 0, 0, 0, 0, 200, 55, 158, 65, 112, 61, 28, 63, 242, 39, 128, 62, 0, 0, 0, 0, 0, 128, 39, 63, 0, 0, 0, 128, 0, 0, 208, 60, 0, 0, 0, 0, 180, 176, 171, 65, 102, 102, 39, 63, 242, 39, 128, 62, 0, 0, 0, 0, 0, 0, 171, 62, 0, 128, 28, 191, 0, 0, 96, 61, 0, 0, 0, 0, 91, 165, 169, 65, 92, 143, 50, 63, 242, 39, 128, 62, 0, 0, 0, 0, 0, 128, 138, 63, 0, 0, 132, 190, 0, 0, 199, 62, 0, 0, 0, 0, 1, 19, 141, 65, 246, 168, 150, 63, 242, 39, 128, 62, 0, 0, 0, 0, 0, 64, 143, 63, 0, 0, 137, 190, 0, 0, 211, 62, 0, 0, 0, 0, 84, 130, 194, 65, 112, 61, 156, 63, 242, 39, 128, 62, 0, 0, 0, 0, 0, 64, 149, 63, 0, 0, 142, 190, 0, 0, 207, 62, 0, 0, 0, 0, 168, 70, 209, 65, 235, 209, 161, 63, 242, 39, 128, 62, 0, 0, 0, 0, 0, 192, 156, 63, 0, 0, 147, 190, 0, 0, 187, 62, 0, 0, 0, 0, 51, 64, 194, 65, 102, 102, 167, 63, 242, 39, 128, 62, 0, 0, 0, 0, 0, 64, 165, 63, 0, 0, 151, 190, 0, 0, 138, 62, 0, 0, 0, 0, 184, 134, 153, 65, 225, 250, 172, 63, 242, 39, 128, 62, 0, 0, 0, 0, 0, 0, 126, 63, 0, 0, 223, 190, 0, 128, 97, 63, 0, 0, 0, 0, 95, 224, 89, 65, 92, 143, 178, 63, 242, 39, 128, 62, 0, 0, 0, 0, 0, 64, 140, 63, 0, 0, 230, 190, 0, 0, 81, 63, 0, 0, 0, 0, 7, 13, 119, 65, 215, 35, 184, 63, 242, 39, 128, 62, 0, 0, 0, 0, 0, 64, 141, 63, 0, 192, 249, 63, 0, 128, 17, 63, 0, 0, 0, 0, 193, 168, 64, 65, 184, 222, 19, 64, 242, 39, 128, 62, 0, 0, 0, 0, 0, 192, 133, 63, 0, 128, 254, 63, 0, 0, 54, 63, 0, 0, 0, 0, 227, 86, 108, 65, 246, 168, 22, 64, 242, 39, 128, 62, 0, 0, 0, 0, 0, 192, 130, 63, 0, 128, 1, 64, 0, 128, 72, 63, 0, 0, 0, 0, 169, 4, 101, 65, 51, 115, 25, 64, 242, 39, 128, 62, 0, 0, 0, 0, 0, 128, 200, 63, 0, 0, 215, 63, 0, 128, 85, 63, 0, 0, 0, 0, 48, 42, 80, 65, 112, 61, 28, 64, 242, 39, 128, 62, 0, 0, 0, 0, 0, 192, 223, 63, 0, 192, 208, 63, 0, 0, 46, 63, 0, 0, 0, 0, 191, 153, 76, 65, 174, 7, 31, 64, 242, 39, 128, 62, 0, 0, 0, 0, 0, 64, 237, 63, 0, 64, 230, 63, 0, 0, 217, 62, 0, 0, 0, 0, 81, 120, 140, 65, 102, 102, 39, 64, 242, 39, 128, 62, 0, 0, 0, 0, 0, 0, 229, 63, 0, 192, 244, 63, 0, 0, 242, 62, 0, 0, 0, 0, 227, 86, 156, 65, 164, 48, 42, 64, 242, 39, 128, 62, 0, 0, 0, 0, 0, 224, 17, 64, 0, 0, 222, 191, 0, 128, 20, 63, 0, 0, 0, 0, 71, 121, 167, 65, 20, 238, 58, 64, 242, 39, 128, 62, 0, 0, 0, 0, 0, 192, 28, 64, 0, 192, 201, 191, 0, 128, 16, 63, 0, 0, 0, 0, 133, 172, 162, 65, 82, 184, 61, 64, 242, 39, 128, 62, 0, 0, 0, 0, 0, 128, 30, 64, 0, 192, 204, 191, 0, 0, 28, 63, 0, 0, 0, 0, 240, 113, 185, 65, 143, 130, 64, 64, 242, 39, 128, 62, 0, 0, 0, 0, 0, 96, 33, 64, 0, 192, 207, 191, 0, 0, 21, 63, 0, 0, 0, 0, 154, 249, 176, 65, 205, 76, 67, 64, 242, 39, 128, 62, 0, 0, 0, 0, 0, 64, 114, 64, 0, 224, 2, 192, 0, 128, 55, 63, 0, 0, 0, 0, 233, 121, 131, 65, 0, 128, 139, 64, 242, 39, 128, 62, 0, 0, 0, 0, 0, 192, 117, 64, 0, 32, 4, 192, 0, 0, 34, 63, 0, 0, 0, 0, 222, 137, 149, 65, 31, 229, 140, 64, 242, 39, 128, 62, 0, 0, 0, 0, 0, 0, 120, 64, 0, 128, 5, 192, 0, 0, 40, 63, 0, 0, 0, 0, 232, 234, 135, 65, 61, 74, 142, 64, 242, 39, 128, 62, 0, 0, 0, 0, 0, 192, 141, 64, 0, 64, 209, 191, 0, 128, 13, 63, 0, 0, 0, 0, 31, 59, 50, 65, 20, 14, 152, 64, 242, 39, 128, 62, 0, 0, 0, 0, 0, 208, 142, 64, 0, 0, 211, 191, 0, 0, 32, 63, 0, 0, 0, 0, 0, 0, 32, 65, 51, 115, 153, 64, 242, 39, 128, 62, 0, 0, 0, 0, 0, 128, 138, 63, 0, 0, 106, 190, 0, 0, 4, 63, 0, 0, 0, 0, 26, 142, 83, 65, 112, 61, 156, 63, 242, 39, 0, 63, 0, 0, 0, 0, 0, 64, 143, 63, 0, 0, 114, 190, 0, 0, 10, 63, 0, 0, 0, 0, 227, 86, 108, 65, 235, 209, 161, 63, 242, 39, 0, 63, 0, 0, 0, 0, 0, 128, 149, 63, 0, 0, 147, 190, 0, 128, 4, 63, 0, 0, 0, 0, 246, 215, 72, 65, 102, 102, 167, 63, 242, 39, 0, 63, 0, 0, 0, 0, 0, 64, 145, 63, 0, 0, 184, 190, 0, 128, 79, 63, 0, 0, 0, 0, 198, 173, 24, 65, 215, 35, 184, 63, 242, 39, 0, 63, 0, 0, 0, 0, 0, 128, 164, 63, 0, 0, 190, 190, 0, 128, 36, 63, 0, 0, 0, 0, 0, 0, 32, 65, 82, 184, 189, 63, 242, 39, 0, 63, 0, 0, 0, 0, 0, 192, 31, 64, 0, 192, 192, 191, 0, 128, 64, 63, 0, 0, 0, 0, 114, 159, 38, 65, 143, 130, 64, 64, 242, 39, 0, 63, 0, 0, 0, 0, 0, 0, 48, 62, 0, 0, 160, 188, 0, 0, 8, 190, 0, 0, 0, 0, 39, 2, 249, 64, 51, 51, 95, 62, 235, 59, 64, 63, 0, 0, 0, 0, 0, 192, 177, 63, 0, 0, 184, 190, 0, 0, 228, 189, 0, 0, 0, 0, 114, 159, 38, 65, 215, 35, 184, 63, 242, 39, 128, 191, 0, 0, 0, 0]
is_dense: True
---
header: 
  seq: 7364
  stamp: 
    secs: 0
    nsecs:         0
  frame_id: "base_radar_link"
height: 1
width: 60
fields: 
  - 
    name: "x"
    offset: 0
    datatype: 7
    count: 1
  - 
    name: "y"
    offset: 4
    datatype: 7
    count: 1
  - 
    name: "z"
    offset: 8
    datatype: 7
    count: 1
  - 
    name: "intensity"
    offset: 16
    datatype: 7
    count: 1
  - 
    name: "range"
    offset: 20
    datatype: 7
    count: 1
  - 
    name: "doppler"
    offset: 24
    datatype: 7
    count: 1
is_bigendian: False
point_step: 32
row_step: 1920
data: [0, 0, 176, 62, 0, 0, 176, 188, 0, 0, 88, 189, 0, 0, 0, 0, 19, 129, 204, 65, 92, 143, 178, 62, 0, 0, 0, 0, 0, 0, 0, 0, 0, 128, 28, 63, 0, 0, 0, 128, 0, 0, 128, 187, 0, 0, 0, 0, 195, 163, 178, 65, 112, 61, 28, 63, 0, 0, 0, 0, 0, 0, 0, 0, 0, 128, 39, 63, 0, 0, 160, 188, 0, 0, 144, 188, 0, 0, 0, 0, 193, 168, 192, 65, 102, 102, 39, 63, 0, 0, 0, 0, 0, 0, 0, 0, 0, 0, 151, 62, 0, 0, 34, 191, 0, 0, 160, 60, 0, 0, 0, 0, 36, 84, 188, 65, 92, 143, 50, 63, 0, 0, 0, 0, 0, 0, 0, 0, 0, 128, 136, 63, 0, 0, 132, 190, 0, 0, 218, 62, 0, 0, 0, 0, 217, 250, 189, 65, 246, 168, 150, 63, 0, 0, 0, 0, 0, 0, 0, 0, 0, 0, 143, 63, 0, 0, 137, 190, 0, 0, 213, 62, 0, 0, 0, 0, 214, 121, 234, 65, 112, 61, 156, 63, 0, 0, 0, 0, 0, 0, 0, 0, 0, 128, 148, 63, 0, 0, 142, 190, 0, 0, 215, 62, 0, 0, 0, 0, 154, 184, 245, 65, 235, 209, 161, 63, 0, 0, 0, 0, 0, 0, 0, 0, 0, 0, 155, 63, 0, 0, 147, 190, 0, 0, 208, 62, 0, 0, 0, 0, 189, 103, 225, 65, 102, 102, 167, 63, 0, 0, 0, 0, 0, 0, 0, 0, 0, 0, 106, 63, 0, 0, 151, 190, 0, 128, 115, 191, 0, 0, 0, 0, 169, 98, 173, 65, 225, 250, 172, 63, 0, 0, 0, 0, 0, 0, 0, 0, 0, 96, 6, 64, 0, 0, 148, 190, 0, 128, 108, 63, 0, 0, 0, 0, 116, 213, 92, 65, 184, 222, 19, 64, 0, 0, 0, 0, 0, 0, 0, 0, 0, 64, 146, 63, 0, 0, 245, 63, 0, 0, 67, 63, 0, 0, 0, 0, 48, 42, 128, 65, 246, 168, 22, 64, 0, 0, 0, 0, 0, 0, 0, 0, 0, 128, 142, 63, 0, 128, 249, 63, 0, 0, 89, 63, 0, 0, 0, 0, 96, 9, 117, 65, 51, 115, 25, 64, 0, 0, 0, 0, 0, 0, 0, 0, 0, 0, 235, 63, 0, 128, 195, 63, 0, 128, 3, 63, 0, 0, 0, 0, 210, 251, 105, 65, 112, 61, 28, 64, 0, 0, 0, 0, 0, 0, 0, 0, 0, 192, 240, 63, 0, 64, 230, 63, 0, 0, 137, 62, 0, 0, 0, 0, 34, 176, 160, 65, 102, 102, 39, 64, 0, 0, 0, 0, 0, 0, 0, 0, 0, 64, 243, 63, 0, 64, 234, 63, 0, 0, 177, 62, 0, 0, 0, 0, 203, 139, 176, 65, 164, 48, 42, 64, 0, 0, 0, 0, 0, 0, 0, 0, 0, 128, 15, 64, 0, 192, 233, 191, 0, 0, 215, 62, 0, 0, 0, 0, 179, 44, 188, 65, 20, 238, 58, 64, 0, 0, 0, 0, 0, 0, 0, 0, 0, 32, 26, 64, 0, 128, 213, 191, 0, 0, 240, 62, 0, 0, 0, 0, 92, 27, 186, 65, 82, 184, 61, 64, 0, 0, 0, 0, 0, 0, 0, 0, 0, 64, 28, 64, 0, 192, 216, 191, 0, 0, 247, 62, 0, 0, 0, 0, 233, 167, 206, 65, 143, 130, 64, 64, 0, 0, 0, 0, 0, 0, 0, 0, 0, 32, 35, 64, 0, 192, 207, 191, 0, 0, 225, 62, 0, 0, 0, 0, 243, 239, 197, 65, 205, 76, 67, 64, 0, 0, 0, 0, 0, 0, 0, 0, 0, 160, 34, 64, 0, 128, 210, 191, 0, 0, 39, 63, 0, 0, 0, 0, 156, 166, 159, 65, 10, 23, 70, 64, 0, 0, 0, 0, 0, 0, 0, 0, 0, 128, 114, 64, 0, 128, 180, 191, 0, 128, 47, 63, 0, 0, 0, 0, 234, 148, 158, 65, 72, 33, 131, 64, 0, 0, 0, 0, 0, 0, 0, 0, 0, 0, 118, 64, 0, 64, 182, 191, 0, 128, 26, 63, 0, 0, 0, 0, 78, 241, 185, 65, 102, 134, 132, 64, 0, 0, 0, 0, 0, 0, 0, 0, 0, 224, 121, 64, 0, 64, 184, 191, 0, 0, 239, 62, 0, 0, 0, 0, 203, 139, 176, 65, 133, 235, 133, 64, 0, 0, 0, 0, 0, 0, 0, 0, 0, 128, 106, 64, 0, 0, 203, 191, 0, 64, 179, 63, 0, 0, 0, 0, 169, 217, 157, 65, 164, 80, 135, 64, 0, 0, 0, 0, 0, 0, 0, 0, 0, 96, 114, 64, 0, 64, 205, 191, 0, 0, 149, 63, 0, 0, 0, 0, 222, 46, 172, 65, 194, 181, 136, 64, 0, 0, 0, 0, 0, 0, 0, 0, 0, 224, 112, 64, 0, 64, 207, 191, 0, 0, 175, 63, 0, 0, 0, 0, 72, 63, 152, 65, 225, 26, 138, 64, 0, 0, 0, 0, 0, 0, 0, 0, 0, 96, 113, 64, 0, 160, 11, 192, 0, 0, 98, 62, 0, 0, 0, 0, 192, 71, 137, 65, 0, 128, 139, 64, 0, 0, 0, 0, 0, 0, 0, 0, 0, 96, 120, 64, 0, 32, 4, 192, 0, 0, 149, 62, 0, 0, 0, 0, 143, 29, 169, 65, 31, 229, 140, 64, 0, 0, 0, 0, 0, 0, 0, 0, 0, 32, 123, 64, 0, 128, 5, 192, 0, 0, 104, 62, 0, 0, 0, 0, 136, 122, 157, 65, 61, 74, 142, 64, 0, 0, 0, 0, 0, 0, 0, 0, 0, 0, 178, 62, 0, 0, 176, 188, 0, 0, 0, 189, 0, 0, 0, 0, 180, 187, 183, 65, 92, 143, 178, 62, 242, 39, 128, 62, 0, 0, 0, 0, 0, 0, 28, 63, 0, 0, 0, 128, 0, 0, 16, 61, 0, 0, 0, 0, 136, 122, 157, 65, 112, 61, 28, 63, 242, 39, 128, 62, 0, 0, 0, 0, 0, 128, 39, 63, 0, 0, 0, 128, 0, 0, 224, 60, 0, 0, 0, 0, 185, 48, 171, 65, 102, 102, 39, 63, 242, 39, 128, 62, 0, 0, 0, 0, 0, 0, 169, 62, 0, 128, 28, 191, 0, 0, 148, 61, 0, 0, 0, 0, 184, 192, 167, 65, 92, 143, 50, 63, 242, 39, 128, 62, 0, 0, 0, 0, 0, 64, 140, 63, 0, 0, 137, 190, 0, 0, 239, 62, 0, 0, 0, 0, 129, 162, 188, 65, 112, 61, 156, 63, 242, 39, 128, 62, 0, 0, 0, 0, 0, 192, 145, 63, 0, 0, 142, 190, 0, 0, 243, 62, 0, 0, 0, 0, 232, 176, 201, 65, 235, 209, 161, 63, 242, 39, 128, 62, 0, 0, 0, 0, 0, 192, 151, 63, 0, 0, 147, 190, 0, 0, 243, 62, 0, 0, 0, 0, 92, 27, 186, 65, 102, 102, 167, 63, 242, 39, 128, 62, 0, 0, 0, 0, 0, 0, 150, 63, 0, 0, 151, 190, 0, 128, 27, 63, 0, 0, 0, 0, 119, 8, 145, 65, 225, 250, 172, 63, 242, 39, 128, 62, 0, 0, 0, 0, 0, 0, 22, 63, 0, 0, 144, 191, 0, 0, 46, 191, 0, 0, 0, 0, 179, 44, 60, 65, 215, 35, 184, 63, 242, 39, 128, 62, 0, 0, 0, 0, 0, 192, 177, 63, 0, 128, 6, 191, 0, 0, 182, 62, 0, 0, 0, 0, 159, 171, 95, 65, 205, 76, 195, 63, 242, 39, 128, 62, 0, 0, 0, 0, 0, 128, 183, 63, 0, 0, 10, 191, 0, 0, 178, 62, 0, 0, 0, 0, 191, 153, 76, 65, 72, 225, 200, 63, 242, 39, 128, 62, 0, 0, 0, 0, 0, 64, 3, 64, 0, 0, 94, 190, 0, 192, 133, 63, 0, 0, 0, 0, 179, 44, 60, 65, 184, 222, 19, 64, 242, 39, 128, 62, 0, 0, 0, 0, 0, 0, 132, 63, 0, 0, 245, 63, 0, 0, 104, 63, 0, 0, 0, 0, 116, 213, 92, 65, 246, 168, 22, 64, 242, 39, 128, 62, 0, 0, 0, 0, 0, 128, 128, 63, 0, 128, 249, 63, 0, 0, 121, 63, 0, 0, 0, 0, 48, 42, 80, 65, 51, 115, 25, 64, 242, 39, 128, 62, 0, 0, 0, 0, 0, 192, 224, 63, 0, 128, 195, 63, 0, 128, 62, 63, 0, 0, 0, 0, 193, 168, 64, 65, 112, 61, 28, 64, 242, 39, 128, 62, 0, 0, 0, 0, 0, 192, 226, 63, 0, 192, 240, 63, 0, 0, 213, 62, 0, 0, 0, 0, 161, 58, 139, 65, 102, 102, 39, 64, 242, 39, 128, 62, 0, 0, 0, 0, 0, 0, 227, 63, 0, 192, 244, 63, 0, 128, 7, 63, 0, 0, 0, 0, 135, 194, 154, 65, 164, 48, 42, 64, 242, 39, 128, 62, 0, 0, 0, 0, 0, 160, 17, 64, 0, 0, 222, 191, 0, 128, 24, 63, 0, 0, 0, 0, 184, 192, 167, 65, 20, 238, 58, 64, 242, 39, 128, 62, 0, 0, 0, 0, 0, 224, 22, 64, 0, 128, 213, 191, 0, 0, 45, 63, 0, 0, 0, 0, 252, 239, 163, 65, 82, 184, 61, 64, 242, 39, 128, 62, 0, 0, 0, 0, 0, 192, 29, 64, 0, 192, 204, 191, 0, 0, 39, 63, 0, 0, 0, 0, 19, 71, 185, 65, 143, 130, 64, 64, 242, 39, 128, 62, 0, 0, 0, 0, 0, 128, 32, 64, 0, 192, 207, 191, 0, 0, 35, 63, 0, 0, 0, 0, 49, 115, 175, 65, 205, 76, 67, 64, 242, 39, 128, 62, 0, 0, 0, 0, 0, 128, 113, 64, 0, 0, 164, 191, 0, 0, 119, 63, 0, 0, 0, 0, 43, 241, 137, 65, 72, 33, 131, 64, 242, 39, 128, 62, 0, 0, 0, 0, 0, 160, 117, 64, 0, 192, 165, 191, 0, 128, 96, 63, 0, 0, 0, 0, 114, 116, 165, 65, 102, 134, 132, 64, 242, 39, 128, 62, 0, 0, 0, 0, 0, 96, 121, 64, 0, 128, 167, 191, 0, 0, 78, 63, 0, 0, 0, 0, 130, 243, 155, 65, 133, 235, 133, 64, 242, 39, 128, 62, 0, 0, 0, 0, 0, 128, 101, 64, 0, 64, 186, 191, 0, 0, 219, 63, 0, 0, 0, 0, 111, 173, 130, 65, 164, 80, 135, 64, 242, 39, 128, 62, 0, 0, 0, 0, 0, 224, 109, 64, 0, 64, 205, 191, 0, 0, 176, 63, 0, 0, 0, 0, 200, 153, 146, 65, 194, 181, 136, 64, 242, 39, 128, 62, 0, 0, 0, 0, 0, 0, 107, 64, 0, 64, 207, 191, 0, 64, 204, 63, 0, 0, 0, 0, 2, 146, 126, 65, 225, 26, 138, 64, 242, 39, 128, 62, 0, 0, 0, 0, 0, 128, 111, 64, 0, 160, 11, 192, 0, 128, 2, 63, 0, 0, 0, 0, 210, 251, 105, 65, 0, 128, 139, 64, 242, 39, 128, 62, 0, 0, 0, 0, 0, 160, 118, 64, 0, 32, 4, 192, 0, 0, 12, 63, 0, 0, 0, 0, 197, 25, 148, 65, 31, 229, 140, 64, 242, 39, 128, 62, 0, 0, 0, 0, 0, 224, 121, 64, 0, 128, 5, 192, 0, 0, 232, 62, 0, 0, 0, 0, 55, 55, 135, 65, 61, 74, 142, 64, 242, 39, 128, 62, 0, 0, 0, 0, 0, 0, 40, 62, 0, 0, 160, 188, 0, 0, 18, 190, 0, 0, 0, 0, 114, 159, 38, 65, 51, 51, 95, 62, 242, 39, 0, 63, 0, 0, 0, 0]
is_dense: True
---
