.*
optimization finished, #iter = 30
nu = 0.180908
obj = -11.578279, rho = 0.191446
nSV = 16, nBSV = 0
Total nSV = 16
..*
optimization finished, #iter = 32
nu = 0.169925
obj = -10.874855, rho = 0.036518
nSV = 16, nBSV = 0
Total nSV = 16
.*
optimization finished, #iter = 31
nu = 0.167856
obj = -10.742708, rho = 0.256462
nSV = 16, nBSV = 0
Total nSV = 16
.*
optimization finished, #iter = 28
nu = 0.145827
obj = -9.332364, rho = 0.316913
nSV = 16, nBSV = 0
Total nSV = 16
..*
optimization finished, #iter = 32
nu = 0.146705
obj = -9.389687, rho = 0.152618
nSV = 16, nBSV = 0
Total nSV = 16
.*
optimization finished, #iter = 36
nu = 0.159343
obj = -12.748619, rho = 0.235171
nSV = 20, nBSV = 0
Total nSV = 20
0.025 0.027 0.014 0.014 -0.033 -0.031
Queues: 1 0
0.025 0.027 0.014 0.014 -0.033 -0.031
Queues: 2 0
0.025 0.027 0.014 0.014 -0.033 -0.031
Queues: 3 0
Queues: 3 0
2.299 2.668 -0.254 -0.160 0.357 1.146
Queues: 4 0
2.299 2.668 -0.254 -0.160 0.357 1.146
Queues: 4 1
Same timestamp, queues: 3 0
Overlap: 1.000
2.221 2.557 -0.322 -0.242 0.691 1.279
Queues: 4 0
2.221 2.557 -0.322 -0.242 0.691 1.279
Queues: 4 1
2.408 2.525 -0.322 -0.164 0.645 0.920
Queues: 5 1
2.408 2.525 -0.322 -0.164 0.645 0.920
Queues: 5 2
Same timestamp, queues: 4 1
Overlap: 1.000
2.461 2.660 -0.254 -0.164 0.244 0.998
Queues: 5 1
2.461 2.660 -0.254 -0.164 0.244 0.998
Queues: 5 2
Same timestamp, queues: 4 1
Overlap: 1.000
2.564 2.697 -0.254 -0.166 -0.082 0.688
Queues: 5 1
2.564 2.697 -0.254 -0.166 -0.082 0.688
Queues: 5 2
2.461 2.639 -0.254 -0.164 0.531 0.875
Queues: 6 2
2.461 2.639 -0.254 -0.164 0.531 0.875
Queues: 6 3
2.387 2.566 -0.402 -0.170 0.439 1.072
Queues: 7 3
2.387 2.566 -0.402 -0.170 0.439 1.072
Queues: 7 4
2.293 2.650 -0.322 -0.164 0.480 1.250
Queues: 8 4
2.293 2.650 -0.322 -0.164 0.480 1.250
Queues: 8 5
2.178 2.621 -0.254 -0.080 0.441 1.361
Queues: 9 5
2.178 2.621 -0.254 -0.080 0.441 1.361
Queues: 9 6
Same timestamp, queues: 8 5
Overlap: 1.000
2.367 2.541 -0.250 -0.164 0.746 1.105
Queues: 9 5
2.367 2.541 -0.250 -0.164 0.746 1.105
Queues: 9 6
Same timestamp, queues: 8 5
Overlap: 1.000
2.410 2.631 -0.250 -0.164 0.363 1.010
Queues: 9 5
2.410 2.631 -0.250 -0.164 0.363 1.010
Queues: 9 6
2.441 2.582 -0.328 -0.246 0.354 0.887
Queues: 10 6
2.441 2.582 -0.328 -0.246 0.354 0.887
Queues: 10 7
2.477 2.670 -0.332 -0.246 0.240 0.783
Queues: 11 7
2.477 2.670 -0.332 -0.246 0.240 0.783
Queues: 11 8
Same timestamp, queues: 10 7
Overlap: 1.000
Queues: 10 7
2.166 2.529 -0.322 -0.000 0.785 1.352
Queues: 11 7
2.166 2.529 -0.322 -0.000 0.785 1.352
Queues: 11 8
Same timestamp, queues: 10 7
Overlap: 1.000
2.094 2.553 -0.250 -0.160 0.711 1.488
Queues: 11 7
2.094 2.553 -0.250 -0.160 0.711 1.488
Queues: 11 8
Same timestamp, queues: 10 7
Overlap: 1.000
2.240 2.611 -0.250 -0.160 0.443 1.246
Queues: 11 7
2.240 2.611 -0.250 -0.160 0.443 1.246
Queues: 11 8
Same timestamp, queues: 10 7
Overlap: 1.000
2.258 2.590 -0.322 -0.082 0.473 1.322
Queues: 11 7
2.258 2.590 -0.322 -0.082 0.473 1.322
Queues: 11 8
2.568 2.646 -0.328 -0.166 0.115 0.443
Queues: 12 8
2.568 2.646 -0.328 -0.166 0.115 0.443
Queues: 12 9
2.143 2.291 -0.164 -0.164 1.254 1.494
2.639 2.639 -0.332 -0.250 0.092 0.240
Queues: 14 9
2.297 2.418 -0.242 -0.158 0.807 1.244
Queues: 15 9
2.297 2.418 -0.242 -0.158 0.807 1.244
Queues: 15 10
2.326 2.449 -0.246 -0.158 0.863 1.025
Queues: 16 10
2.326 2.449 -0.246 -0.158 0.863 1.025
Queues: 16 11
Queues: 16 11
Queues: 16 11
2.361 2.537 -0.328 -0.242 0.549 0.877
Queues: 17 11
2.361 2.537 -0.328 -0.242 0.549 0.877
Queues: 17 12
Same timestamp, queues: 16 11
Overlap: 1.000
Queues: 16 11
2.127 2.473 -0.408 -0.078 0.531 1.518
Queues: 17 11
2.127 2.473 -0.408 -0.078 0.531 1.518
Queues: 17 12
2.410 2.613 -0.332 -0.164 0.361 0.762
Queues: 18 12
2.410 2.613 -0.332 -0.164 0.361 0.762
Queues: 18 13
Same timestamp, queues: 17 12
Overlap: 1.000
2.260 2.576 -0.250 -0.078 0.570 1.377
Queues: 18 12
2.260 2.576 -0.250 -0.078 0.570 1.377
Queues: 18 13
2.277 2.658 -0.539 0.082 -0.189 1.209
Queues: 19 13
2.277 2.658 -0.539 0.082 -0.189 1.209
Queues: 19 14
2.369 2.604 -0.322 -0.000 0.104 0.912
Queues: 20 14
2.369 2.604 -0.322 -0.000 0.104 0.912
Queues: 20 15
2.307 2.652 -0.332 -0.078 0.029 1.184
Queues: 21 15
2.307 2.652 -0.332 -0.078 0.029 1.184
Queues: 21 16
2.324 2.537 -0.166 -0.000 0.537 0.998
Queues: 22 16
2.324 2.537 -0.166 -0.000 0.537 0.998
Queues: 22 17
2.381 2.602 -0.344 -0.000 0.514 1.094
Queues: 23 17
2.381 2.602 -0.344 -0.000 0.514 1.094
Queues: 23 18
2.275 2.529 -0.232 -0.000 0.668 1.107
Queues: 24 18
2.275 2.529 -0.232 -0.000 0.668 1.107
Queues: 24 19
Same timestamp, queues: 23 18
Overlap: 1.000
2.363 2.578 -0.166 -0.000 0.635 0.914
Queues: 24 18
2.363 2.578 -0.166 -0.000 0.635 0.914
Queues: 24 19
Same timestamp, queues: 23 18
Overlap: 1.000
2.080 2.080 0.080 0.080 1.514 1.514
2.340 2.455 -0.078 -0.000 0.607 1.174
Queues: 25 18
2.340 2.455 -0.078 -0.000 0.607 1.174
Queues: 25 19
Same timestamp, queues: 23 18
Overlap: 0.000
2.387 2.600 -0.254 -0.158 0.514 0.783
Queues: 25 18
2.387 2.600 -0.254 -0.158 0.514 0.783
Queues: 25 19
2.271 2.572 -0.225 -0.082 0.449 0.633
Queues: 26 19
2.271 2.572 -0.225 -0.082 0.449 0.633
Queues: 26 20
Same timestamp, queues: 25 19
Overlap: 1.000
2.340 2.605 -0.316 -0.156 -0.072 0.227
Queues: 26 19
2.340 2.605 -0.316 -0.156 -0.072 0.227
Queues: 26 20
2.268 2.562 -0.322 -0.074 -0.168 0.393
Queues: 27 20
2.268 2.562 -0.322 -0.074 -0.168 0.393
Queues: 27 21
2.201 2.344 -0.221 -0.209 -0.088 0.242
Queues: 28 21
2.201 2.344 -0.221 -0.209 -0.088 0.242
Queues: 28 22
2.188 2.418 -0.254 -0.000 0.215 1.184
Queues: 29 22
2.188 2.418 -0.254 -0.000 0.215 1.184
Queues: 29 23
2.068 2.270 -0.209 -0.000 0.080 0.928
Queues: 30 23
2.068 2.270 -0.209 -0.000 0.080 0.928
Queues: 30 24
Same timestamp, queues: 29 23
Overlap: 1.000
1.910 2.441 -0.232 -0.000 -1.377 0.746
Queues: 30 23
2.061 2.441 -0.232 -0.000 0.096 0.746
Queues: 30 24
2.053 2.309 -0.146 -0.000 0.443 0.736
Queues: 31 24
2.053 2.309 -0.146 -0.000 0.443 0.736
Queues: 31 25
2.049 2.137 -0.066 -0.000 -0.020 0.162
Queues: 32 25
2.049 2.137 -0.066 -0.000 -0.020 0.162
Queues: 32 26
Same timestamp, queues: 31 25
Overlap: 1.000
Queues: 31 25
1.998 2.291 -0.143 -0.070 0.260 0.443
Queues: 32 25
1.998 2.291 -0.143 -0.070 0.260 0.443
Queues: 32 26
1.693 1.740 0.109 0.160 0.045 0.074
Queues: 33 26
1.570 1.732 -0.000 -0.000 0.045 0.447
Queues: 34 26
1.570 1.732 -0.000 -0.000 0.045 0.447
Queues: 34 27
1.307 1.807 -0.000 0.246 0.406 1.512
Queues: 35 27
1.307 1.807 -0.000 0.246 0.406 1.512
Queues: 35 28
1.559 1.871 -0.172 -0.109 -0.059 0.775
Queues: 36 28
1.559 1.871 -0.172 -0.109 -0.059 0.775
Queues: 36 29
1.461 1.730 -0.109 0.143 0.098 0.467
Queues: 37 29
1.461 1.730 -0.109 0.143 0.098 0.467
Queues: 37 30
1.365 1.627 -0.146 0.400 -1.545 0.504
Queues: 38 30
1.365 1.627 -0.146 0.191 0.172 0.504
Queues: 38 31
1.371 1.559 -0.000 0.232 0.193 0.602
Queues: 39 31
1.371 1.559 -0.000 0.232 0.193 0.602
Queues: 39 32
1.363 1.605 -0.088 0.232 -0.203 0.453
Queues: 40 32
1.363 1.605 -0.088 0.232 -0.203 0.453
Queues: 40 33
1.254 1.480 -0.174 0.191 -0.158 0.502
Queues: 41 33
1.254 1.480 -0.174 0.191 -0.158 0.502
Queues: 41 34
1.121 1.467 -0.174 0.180 -0.271 0.531
Queues: 42 34
1.121 1.467 -0.174 0.180 -0.271 0.531
Queues: 42 35
1.105 1.396 -0.084 0.186 0.217 0.615
Queues: 43 35
1.105 1.396 -0.084 0.186 0.217 0.615
Queues: 43 36
Same timestamp, queues: 42 35
Overlap: 1.000
0.646 0.691 -0.041 -0.020 -0.135 -0.057
1.145 1.393 -0.131 0.152 -0.682 0.660
Queues: 44 35
0.646 0.691 -0.041 -0.020 -0.135 -0.057
Queues: 44 36
Same timestamp, queues: 42 35
Overlap: 1.000
1.145 1.393 -0.131 0.152 -0.074 0.660
Queues: 43 36
Same timestamp, queues: 42 35
Overlap: 0.547
0.648 1.238 -0.158 0.164 -0.090 0.967
Queues: 43 35
0.730 1.238 -0.158 0.164 0.287 0.967
0.648 0.691 -0.041 -0.020 -0.090 -0.059
Queues: 43 37
Same timestamp, queues: 42 35
Overlap: 0.554
0.646 0.650 -0.041 -0.020 -0.088 -0.059
1.055 1.658 -0.170 0.277 -1.346 0.666
Queues: 44 36
1.055 1.455 -0.170 0.277 -0.244 0.666
1.545 1.658 -0.000 0.191 -1.346 -1.129
Queues: 44 38
0.584 1.291 -0.273 0.070 -2.012 0.773
Queues: 45 38
0.764 1.291 -0.273 0.070 -0.166 0.773
Queues: 45 39
0.873 1.250 -0.340 -0.000 -0.092 0.600
Queues: 46 39
0.873 1.250 -0.340 -0.000 -0.092 0.600
Queues: 46 40
0.646 0.646 -0.041 -0.041 -0.088 -0.088
0.922 1.465 -0.273 -0.000 -1.461 0.494
Queues: 48 40
0.922 1.465 -0.273 -0.074 0.027 0.494
Queues: 48 41
0.932 1.473 -0.496 -0.045 -0.822 0.994
0.775 0.775 -0.078 -0.078 0.996 0.996
Queues: 50 41
0.932 1.473 -0.496 -0.045 -0.822 0.994
Queues: 50 42
Same timestamp, queues: 48 41
Overlap: 1.000
0.646 0.646 -0.041 -0.041 -0.088 -0.088
0.990 1.285 -0.508 -0.146 -0.219 0.711
0.607 0.607 -0.350 -0.350 -1.207 -1.207
Queues: 52 41
0.990 1.285 -0.508 -0.146 -0.219 0.711
Queues: 52 42
Same timestamp, queues: 49 41
Overlap: 0.000
1.043 1.311 -0.514 -0.111 0.053 0.787
0.703 0.703 -0.314 -0.314 1.217 1.217
Queues: 53 41
1.043 1.3.*
optimization finished, #iter = 177
nu = 0.228403
obj = -114.217205, rho = 0.608622
nSV = 71, nBSV = 8
Total nSV = 71
.*
optimization finished, #iter = 180
nu = 0.242864
obj = -119.668386, rho = 0.675240
nSV = 68, nBSV = 11
Total nSV = 68
.*
optimization finished, #iter = 188
nu = 0.227015
obj = -114.015697, rho = 0.197599
nSV = 73, nBSV = 10
Total nSV = 73
.*
optimization finished, #iter = 142
nu = 0.268751
obj = -134.736296, rho = 0.593677
nSV = 73, nBSV = 15
Total nSV = 73
.*
optimization finished, #iter = 164
nu = 0.235517
obj = -117.989381, rho = 0.738309
nSV = 72, nBSV = 11
Total nSV = 72
.*
optimization finished, #iter = 171
nu = 0.228558
obj = -144.162340, rho = 0.498724
nSV = 81, nBSV = 13
Total nSV = 81
11 -0.514 -0.111 0.053 0.787
Queues: 53 42
0.646 0.646 -0.041 -0.041 -0.086 -0.086
1.115 1.408 -0.465 -0.146 0.066 0.488
Queues: 55 42
1.115 1.408 -0.465 -0.146 0.066 0.488
Queues: 55 43
0.648 0.686 -0.041 -0.020 -0.131 -0.057
1.008 1.492 -0.594 -0.146 -0.068 0.834
Queues: 57 43
0.648 0.686 -0.041 -0.020 -0.131 -0.057
Queues: 57 44
Same timestamp, queues: 55 43
Overlap: 1.000
1.008 1.492 -0.594 -0.146 -0.068 0.834
Queues: 56 44
0.648 0.691 -0.041 -0.020 -0.133 -0.055
1.061 1.545 -0.566 -0.363 0.275 0.602
Queues: 58 44
0.648 0.691 -0.041 -0.020 -0.133 -0.055
Queues: 58 45
1.061 1.545 -0.566 -0.363 0.275 0.602
Queues: 58 46
0.646 0.691 -0.041 -0.020 -0.131 -0.059
1.004 1.660 -0.592 -0.344 0.074 0.898
Queues: 60 46
0.646 0.691 -0.041 -0.020 -0.131 -0.059
Queues: 60 47
1.004 1.660 -0.592 -0.344 0.074 0.898
Queues: 60 48
1.104 1.629 -0.549 -0.441 -0.354 0.748
Queues: 61 48
1.104 1.629 -0.549 -0.441 -0.354 0.748
Queues: 61 49
1.025 1.566 -0.654 -0.393 0.037 1.377
Queues: 62 49
1.133 1.566 -0.654 -0.393 0.037 0.699
Queues: 62 50
1.207 1.773 -0.629 -0.232 0.061 0.740
Queues: 63 50
1.207 1.773 -0.629 -0.232 0.061 0.740
Queues: 63 51
1.053 1.801 -0.621 -0.160 -0.852 1.326
Queues: 64 51
1.053 1.801 -0.621 -0.160 -0.152 1.326
Queues: 64 52
1.309 1.936 -0.721 -0.307 -0.283 1.982
Queues: 65 52
1.309 1.936 -0.721 -0.307 -0.283 0.785
Queues: 65 53
1.357 1.824 -0.600 -0.266 0.012 1.184
Queues: 66 53
1.357 1.824 -0.600 -0.266 0.012 1.184
Queues: 66 54
1.398 1.836 -0.820 -0.180 0.150 1.314
Queues: 67 54
1.398 1.836 -0.820 -0.180 0.150 1.314
Queues: 67 55
1.094 1.799 -0.600 -0.197 0.688 1.459
Queues: 68 55
1.094 1.799 -0.600 -0.197 0.688 1.459
Queues: 68 56
1.572 2.158 -0.975 -0.400 -1.783 0.975
Queues: 69 56
1.572 2.096 -0.852 -0.400 -0.908 0.975
Queues: 69 57
1.674 2.166 -0.674 -0.205 0.129 1.047
Queues: 70 57
1.674 2.166 -0.674 -0.205 0.129 1.047
Queues: 70 58
1.768 1.959 -0.512 -0.410 0.125 1.076
Queues: 71 58
1.768 1.959 -0.512 -0.410 0.125 1.076
Queues: 71 59
1.797 1.945 -0.469 -0.340 0.191 1.100
2.225 2.258 -0.674 -0.590 0.451 0.506
Queues: 73 59
1.797 1.945 -0.469 -0.340 0.191 1.100
Queues: 73 60
1.520 2.242 -0.773 -0.408 -2.348 1.559
Queues: 74 60
1.520 2.242 -0.723 -0.408 0.695 1.559
Queues: 74 61
1.891 2.328 -0.994 -0.643 -2.443 1.068
1.777 2.064 -0.361 -0.295 0.918 1.518
Queues: 76 61
2.080 2.328 -0.777 -0.643 0.455 1.068
1.891 2.062 -0.994 -0.678 -2.443 -2.211
Queues: 76 63
1.996 2.064 -0.361 -0.348 0.918 0.975
Queues: 76 64
2.078 2.434 -0.748 -0.367 0.332 1.047
Queues: 77 64
2.078 2.434 -0.748 -0.367 0.332 1.047
Queues: 77 65
1.785 2.559 -0.777 -0.381 -0.207 1.473
Queues: 78 65
1.785 2.559 -0.777 -0.381 -0.207 1.473
Queues: 78 66
2.234 2.637 -0.777 -0.164 0.023 1.264
Queues: 79 66
2.234 2.637 -0.777 -0.164 0.023 1.264
Queues: 79 67
2.121 2.633 -0.791 -0.170 -1.328 1.355
Queues: 80 67
2.121 2.633 -0.791 -0.170 0.084 1.355
Queues: 80 68
2.029 2.691 -0.840 -0.225 -2.215 1.670
Queues: 81 68
2.029 2.691 -0.811 -0.225 0.094 1.670
Queues: 81 69
2.221 2.670 -0.785 -0.152 0.088 1.166
Queues: 82 69
2.221 2.670 -0.785 -0.152 0.088 1.166
Queues: 82 70
2.328 2.594 -0.688 -0.236 0.488 1.219
Queues: 83 70
2.328 2.594 -0.688 -0.236 0.488 1.219
Queues: 83 71
2.410 2.793 -0.629 -0.408 -0.172 1.246
Queues: 84 71
2.410 2.793 -0.629 -0.408 -0.172 1.246
Queues: 84 72
2.387 2.930 -0.523 -0.350 0.078 0.990
Queues: 85 72
2.387 2.930 -0.523 -0.350 0.078 0.990
Queues: 85 73
2.441 2.967 -0.471 -0.092 -0.176 1.012
Queues: 86 73
2.441 2.795 -0.457 -0.332 0.721 1.012
2.865 2.967 -0.471 -0.092 -0.176 0.018
Queues: 86 75
2.373 2.449 -0.332 -0.250 0.900 1.176
2.748 2.918 -0.180 -0.000 -0.150 0.154
Queues: 88 75
2.373 2.449 -0.332 -0.250 0.900 1.176
Queues: 88 76
2.748 2.918 -0.180 -0.000 -0.150 0.154
Queues: 88 77
2.691 2.869 -0.090 -0.000 -0.553 -0.229
Queues: 89 77
2.691 2.869 -0.090 -0.000 -0.553 -0.229
Queues: 89 78
2.562 2.719 -0.422 -0.172 0.318 0.619
Queues: 90 78
2.562 2.719 -0.422 -0.172 0.318 0.619
Queues: 90 79
2.336 2.654 -0.338 -0.160 0.334 1.066
Queues: 91 79
2.336 2.654 -0.338 -0.160 0.334 1.066
Queues: 91 80
2.418 2.766 -0.174 -0.000 0.344 1.30.*
optimization finished, #iter = 250
nu = 0.353413
obj = -336.585380, rho = 0.980080
nSV = 116, nBSV = 40
Total nSV = 116
.*
optimization finished, #iter = 250
nu = 0.333813
obj = -315.984871, rho = 1.207207
nSV = 113, nBSV = 42
Total nSV = 113
.*
optimization finished, #iter = 265
nu = 0.346058
obj = -326.986370, rho = 1.197945
nSV = 115, nBSV = 38
Total nSV = 115
.*
optimization finished, #iter = 244
nu = 0.380071
obj = -364.534521, rho = 1.258822
nSV = 119, nBSV = 47
Total nSV = 119
.*
optimization finished, #iter = 247
nu = 0.341654
obj = -324.664959, rho = 1.089409
nSV = 109, nBSV = 38
Total nSV = 109
.*
optimization finished, #iter = 286
nu = 0.333415
obj = -395.212659, rho = 1.166478
nSV = 128, nBSV = 51
Total nSV = 128
5
Queues: 92 80
2.418 2.766 -0.174 -0.000 0.344 1.305
Queues: 92 81
2.471 2.916 -0.273 -0.000 -0.184 1.201
Queues: 93 81
2.471 2.916 -0.273 -0.000 -0.184 1.201
Queues: 93 82
2.418 2.877 -0.254 -0.000 -0.287 0.719
Queues: 94 82
2.418 2.877 -0.254 -0.000 -0.287 0.719
Queues: 94 83
2.312 2.924 -0.078 -0.000 -0.066 1.027
Queues: 95 83
2.312 2.924 -0.078 -0.000 -0.066 1.027
Queues: 95 84
2.324 2.861 -0.088 0.246 0.088 1.117
Queues: 96 84
2.324 2.861 -0.088 0.246 0.088 1.117
Queues: 96 85
2.242 2.697 -0.164 0.408 0.326 1.506
Queues: 97 85
2.242 2.697 -0.164 0.408 0.326 1.506
Queues: 97 86
2.291 2.785 -0.088 0.416 -1.289 1.352
Queues: 98 86
2.342 2.785 -0.088 0.322 -0.281 1.352
Queues: 98 87
2.195 2.498 0.316 0.422 0.734 1.467
Queues: 99 87
2.195 2.498 0.316 0.422 0.734 1.467
Queues: 99 88
2.254 2.631 -0.000 0.553 0.121 1.033
Queues: 100 88
2.254 2.631 -0.000 0.553 0.121 1.033
Queues: 100 89
2.240 2.719 0.156 0.508 0.023 1.322
Queues: 101 89
2.240 2.719 0.156 0.508 0.023 1.322
Queues: 101 90
2.252 2.654 0.232 0.553 0.102 0.535
Queues: 102 90
2.252 2.654 0.232 0.553 0.102 0.535
Queues: 102 91
2.238 2.512 0.232 0.562 0.045 0.848
Queues: 103 91
2.238 2.512 0.395 0.562 0.045 0.287
Queues: 103 92
2.139 2.377 0.074 0.508 -0.197 1.377
Queues: 104 92
2.139 2.377 0.074 0.506 -0.197 0.836
Queues: 104 93
2.018 2.404 0.221 0.467 -0.105 1.547
Queues: 105 93
2.018 2.404 0.221 0.467 -0.105 1.547
Queues: 105 94
1.729 2.348 -0.000 0.482 0.123 1.582
Queues: 106 94
2.020 2.348 -0.000 0.393 0.123 0.479
1.729 2.145 0.143 0.482 0.963 1.582
Queues: 106 96
2.002 2.439 -0.000 0.389 0.115 0.865
Queues: 107 96
2.002 2.439 -0.000 0.389 0.115 0.865
Queues: 107 97
1.977 2.510 -0.000 0.459 -0.010 0.574
Queues: 108 97
1.977 2.510 -0.000 0.459 -0.010 0.574
Queues: 108 98
1.961 2.424 0.213 0.467 -0.010 0.760
Queues: 109 98
1.961 2.424 0.213 0.467 -0.010 0.760
Queues: 109 99
1.840 2.209 0.059 0.486 -0.195 0.729
Queues: 110 99
1.840 2.209 0.059 0.486 -0.195 0.729
Queues: 110 100
1.838 2.084 -0.000 0.250 -0.020 0.359
Queues: 111 100
1.838 2.084 -0.000 0.250 -0.020 0.359
Queues: 111 101
1.699 1.947 -0.000 0.377 -0.162 0.619
Queues: 112 101
1.699 1.947 -0.000 0.377 -0.162 0.619
Queues: 112 102
1.654 2.053 -0.066 0.367 -0.104 1.125
Queues: 113 102
1.654 2.053 -0.066 0.367 -0.104 1.125
Queues: 113 103
1.631 1.930 -0.062 0.307 0.158 0.914
Queues: 114 103
1.631 1.930 -0.062 0.307 0.158 0.914
Queues: 114 104
1.510 1.938 -0.000 0.367 -0.084 0.730
Queues: 115 104
1.510 1.938 -0.000 0.367 -0.084 0.730
Queues: 115 105
1.496 1.754 0.098 0.303 0.109 0.506
Queues: 116 105
1.496 1.754 0.098 0.303 0.109 0.506
Queues: 116 106
1.516 1.912 0.053 0.359 -0.324 0.529
Queues: 117 106
1.516 1.912 0.053 0.359 -0.324 0.529
Queues: 117 107
1.525 1.766 0.104 0.328 -0.021 0.504
Queues: 118 107
1.525 1.766 0.104 0.328 -0.021 0.504
Queues: 118 108
Same timestamp, queues: 117 107
Overlap: 1.000
1.361 1.791 -0.000 0.229 0.275 0.693
Queues: 118 107
1.361 1.791 -0.000 0.229 0.275 0.693
Queues: 118 108
1.248 1.873 -0.158 0.205 -0.109 0.885
Queues: 119 108
1.248 1.873 -0.158 0.205 -0.109 0.885
Queues: 119 109
Same timestamp, queues: 118 108
Overlap: 1.000
0.648 1.578 -0.041 0.137 -0.229 0.482
Queues: 119 108
0.648 1.578 -0.041 0.137 -0.229 0.482
Queues: 119 109
0.984 1.525 -0.049 0.354 0.148 0.848
Queues: 120 109
0.984 1.525 -0.049 0.354 0.148 0.848
Queues: 120 110
1.047 1.525 -0.047 0.082 -0.029 0.691
Queues: 121 110
0.967 1.471 -0.186 0.105 -0.264 0.727
Queues: 122 110
1.047 1.525 -0.047 0.082 -0.029 0.691
Queues: 122 111
0.967 1.471 -0.186 0.105 -0.264 0.727
Queues: 122 112
0.893 1.275 -0.123 0.031 0.219 0.627
Queues: 123 112
Same timestamp, queues: 122 111
Overlap: 0.130
0.893 1.275 -0.123 0.031 0.219 0.627
Queues: 122 112
0.941 1.178 -0.152 0.146 -0.170 0.584
Queues: 123 112
0.941 1.178 -0.152 0.146 -0.170 0.584
Queues: 123 113
Same timestamp, queues: 122 112
Overlap: 1.000
0.959 1.607 -0.186 0.070 -0.180 0.590
Queues: 123 112
0.959 1.607 -0.186 0.070 -0.180 0.590
Queues: 123 113
0.854 1.299 -0.197 0.070 -0.295 0.811
Queues: 124 113
0.854 1.299 -0.197 0.070 -0.295 0.811
Queues: 124 114
0.861 1.311 -0.270 0.098 -0.479 0.500
Queues: 125 114
0.861 1.311 -0.270 0.098 -0.479 0.500
Queues: 125 115
0.805 1.195 -0.000 0.037 0.000 0.799
0.775 0.775 -0.270 -0.270 0.496 0.496
1.066 1.066 -0.283 -0.283 0.266 0.266
Queues: 128 115
0.805 1.195 -0.000 0.037 0.000 0.799
Queues: 128 116
0.549 1.160 -0.340 -0.000 -0.791 0.719
Queues: 129 116
0.549 1.160 -0.340 -0.000 -0.791 0.719
Queues: 129 117
0.799 1.020 -0.340 -0.029 -0.055 0.477
Queues: 130 117
0.799 1.020 -0.340 -0.029 -0.055 0.477
Queues: 130 118
0.814 1.064 -0.375 -0.055 0.092 0.543
Queues: 131 118
0.814 1.064 -0.375 -0.055 0.092 0.543
Queues: 131 119
Same timestamp, queues: 130 118
Overlap: 1.000
0.738 1.197 -0.426 -0.000 -0.461 0.723
Queues: 131 118
0.738 1.197 -0.426 -0.000 -0.461 0.723
Queues: 131 119
0.715 1.209 -0.391 0.094 -0.283 0.406
Queues: 132 119
0.715 1.209 -0.391 0.094 -0.283 0.406
Queues: 132 120
0.729 1.025 -0.359 -0.000 -0.129 0.619
Queues: 133 120
0.729 1.025 -0.359 -0.000 -0.129 0.619
Queues: 133 121
Same timestamp, queues: 132 120
Overlap: 1.000
0.750 1.123 -0.295 0.057 -0.061 0.574
0.520 0.520 -0.258 -0.258 0.709 0.709
Queues: 134 120
0.750 1.123 -0.295 0.057 -0.061 0.574
Queues: 134 121
Same timestamp, queues: 132 120
Overlap: 1.000
0.734 1.018 -0.301 -0.000 -0.037 0.549
Queues: 134 120
0.734 1.018 -0.301 -0.000 -0.037 0.549
Queues: 134 121
0.686 1.008 -0.332 0.025 0.035 0.783
Queues: 135 121
0.686 1.008 -0.332 0.025 0.035 0.783
Queues: 135 122
0.674 1.105 -0.400 0.061 -0.098 0.682
0.242 0.539 0.205 0.381 -1.043 1.010
Queues: 137 122
0.674 1.105 -0.400 0.061 -0.098 0.682
Queues: 137 123
0.242 0.539 0.205 0.381 -1.043 -0.916
Queues: 137 124
0.662 0.904 -0.029 0.143 0.006 0.695
0.693 1.148 -0.496 -0.105 -0.365 0.748
Queues: 139 124
0.662 0.904 -0.029 0.143 0.006 0.695
Queues: 139 125
0.693 1.148 -0.496 -0.105 -0.365 0.748
Queues: 139 126
0.373 1.209 -0.355 -0.000 -0.605 0.988
Queues: 140 126
0.373 1.209 -0.355 -0.000 -0.605 0.988
Queues: 140 127
0.711 1.092 -0.332 -0.000 0.057 0.604
Queues: 141 127
0.711 1.092 -0.332 -0.000 0.057 0.604
Queues: 141 128
0.582 1.309 -0.344 -0.000 -0.092 0.758
Queues: 142 128
0.582 1.309 -0.344 -0.000 -0.092 0.758
Queues: 142 129
0.781 1.137 -0.332 -0.025 -0.020 0.633
Queues: 143 129
0.781 1.137 -0.332 -0.025 -0.020 0.633
Queues: 143 130
0.730 1.146 -0.355 -0.061 -0.027 0.492
Queues: 144 130
0.730 1.146 -0.355 -0.061 -0.027 0.492
Queues: 144 131
0.564 1.152 -0.426 -0.104 -0.773 0.465
0.500 0.500 -0.125 -0.125 -0.861 -0.861
Queues: 146 131
0.766 1.152 -0.426 -0.104 -0.168 0.465
Queues: 146 132
0.834 1.174 -0.828 -0.246 -0.996 0.895
Queues: 147 132
0.834 1.174 -0.828 -0.246 -0.051 0.895
Queues: 147 133
0.635 1.404 -0.475 -0.164 0.053 0.998
Queues: 148 133
0.635 1.404 -0.475 -0.164 0.053 0.998
Queues: 148 134
0.922 1.367 -0.566 -0.213 0.135 0.676
Queues: 149 134
0.922 1.367 -0.566 -0.213 0.135 0.676
Queues: 149 135
0.973 1.406 -0.633 -0.150 -0.035 1.057
Queues: 150 135
0.973 1.406 -0.633 -0.248 -0.035 0.578
Queues: 150 136
0.920 1.271 -0.811 -0.221 -0.168 1.184
Queues: 151 136
0.920 1.271 -0.811 -0.221 -0.168 1.184
Queues: 151 137
0.648 0.688 -0.041 -0.021 -0.121 -0.033
0.811 1.469 -0.715 -0.248 -1.293 1.412
Queues: 153 137
0.648 0.688 -0.041 -0.021 -0.121 -0.033
Queues: 153 138
Same timestamp, queues: 151 137
Overlap: 1.000
0.834 1.469 -0.715 -0.248 -0.523 0.908
Queues: 152 138
1.150 1.555 -0.834 -0.305 -0.084 0.717
Queues: 153 138
1.150 1.555 -0.834 -0.305 -0.084 0.717
Queues: 153 139
1.168 1.686 -0.820 -0.363 -0.076 0.859
1.178 1.178 -0.191 -0.191 -0.951 -0.951
Queues: 155 139
1.168 1.686 -0.820 -0.363 -0.076 0.859
Queues: 155 140
1.281 1.641 -0.715 -0.479 0.215 0.842
Queues: 156 140
1.281 1.641 -0.715 -0.479 0.215 0.842
Queues: 156 141
1.238 1.736 -0.807 -0.404 -0.404 0.904
Queues: 157 141
1.238 1.736 -0.807 -0.404 -0.404 0.904
Queues: 157 142
1.279 1.711 -0.998 -0.615 -2.043 0.734
1.887 1.887 -0.430 -0.430 -0.332 -0.332
Queues: 159 142
1.279 1.711 -0.840 -0.615 0.053 0.734
Queues: 159 143
1.154 1.730 -0.941 -0.621 -0.912 1.336
Queues: 160 143
1.371 1.730 -0.736 -0.621 0.059 0.725
Queues: 160 144
1.377 1.828 -0.777 -0.60.*
optimization finished, #iter = 266
nu = 0.411224
obj = -619.982905, rho = 1.460232
nSV = 155, nBSV = 84
Total nSV = 155
*
optimization finished, #iter = 245
nu = 0.402300
obj = -613.040525, rho = 0.562219
nSV = 149, nBSV = 80
Total nSV = 149
.*
optimization finished, #iter = 282
nu = 0.420648
obj = -632.922877, rho = 1.219750
nSV = 153, nBSV = 83
Total nSV = 153
.*
optimization finished, #iter = 270
nu = 0.419916
obj = -624.774355, rho = 1.288822
nSV = 154, nBSV = 85
Total nSV = 154
*
optimization finished, #iter = 247
nu = 0.439545
obj = -665.278340, rho = 1.518024
nSV = 161, nBSV = 90
Total nSV = 161
*
optimization finished, #iter = 295
nu = 0.407182
obj = -762.862331, rho = 1.294874
nSV = 187, nBSV = 103
Total nSV = 187
0 0.010 0.867
1.717 1.717 -0.273 -0.273 0.148 0.148
Queues: 162 144
1.377 1.828 -0.777 -0.600 0.010 0.867
Queues: 162 145
Same timestamp, queues: 160 144
Overlap: 1.000
1.232 1.932 -0.998 -0.459 -2.127 1.275
Queues: 162 144
1.232 1.932 -0.869 -0.459 0.150 1.275
1.387 1.662 -0.998 -0.930 -2.127 -1.840
Queues: 162 146
Same timestamp, queues: 161 144
Overlap: 0.252
1.521 1.990 -0.852 -0.393 -0.541 1.383
Queues: 162 145
1.521 1.990 -0.801 -0.393 0.010 1.383
Queues: 162 146
1.510 2.020 -0.990 -0.420 -2.025 1.246
Queues: 163 146
1.510 2.020 -0.766 -0.420 0.447 1.246
1.791 1.980 -0.990 -0.959 -2.025 -1.719
Queues: 163 148
1.748 1.982 -0.939 -0.467 0.215 1.053
Queues: 164 148
1.748 1.982 -0.939 -0.467 0.215 1.053
Queues: 164 149
Same timestamp, queues: 163 148
Overlap: 1.000
1.717 2.078 -0.736 -0.404 -2.666 1.230
2.174 2.174 -0.213 -0.213 0.611 0.611
Queues: 165 148
1.717 2.078 -0.736 -0.512 0.102 1.230
Queues: 165 149
Same timestamp, queues: 163 148
Overlap: 0.196
1.727 2.082 -0.654 -0.367 0.123 1.398
Queues: 165 148
1.727 2.082 -0.654 -0.367 0.123 1.398
Queues: 165 149
Same timestamp, queues: 164 148
Overlap: 1.000
1.652 2.139 -0.590 -0.340 -0.230 1.492
Queues: 165 148
1.652 2.139 -0.590 -0.340 0.393 1.492
Queues: 165 149
1.971 2.596 -0.602 -0.367 -0.191 0.850
Queues: 166 149
1.971 2.596 -0.602 -0.367 -0.191 0.850
Queues: 166 150
1.828 2.242 -0.643 -0.367 -0.055 1.348
1.561 1.561 -0.367 -0.367 1.727 1.727
Queues: 168 150
1.828 2.242 -0.643 -0.367 -0.055 1.348
Queues: 168 151
2.021 2.578 -0.725 -0.295 -0.367 1.457
Queues: 169 151
2.021 2.578 -0.725 -0.295 -0.367 1.457
Queues: 169 152
2.057 2.600 -0.676 -0.295 -0.010 1.199
1.654 1.654 -0.402 -0.402 -1.930 -1.930
Queues: 171 152
2.057 2.600 -0.676 -0.295 -0.010 1.199
Queues: 171 153
2.199 2.602 -0.676 -0.295 0.467 0.967
Queues: 172 153
2.199 2.602 -0.676 -0.295 0.467 0.967
Queues: 172 154
2.121 2.629 -0.582 -0.301 0.322 1.080
Queues: 173 154
2.121 2.629 -0.582 -0.301 0.322 1.080
Queues: 173 155
Same timestamp, queues: 172 154
Overlap: 1.000
2.197 2.797 -0.602 -0.229 -0.135 1.191
Queues: 173 154
2.197 2.797 -0.602 -0.229 -0.135 1.191
Queues: 173 155
Same timestamp, queues: 172 154
Overlap: 1.000
2.201 2.711 -0.697 -0.311 0.150 1.293
Queues: 173 154
2.201 2.711 -0.697 -0.311 0.150 1.293
Queues: 173 155
Same timestamp, queues: 172 154
Overlap: 1.000
2.225 2.770 -0.676 -0.078 0.168 1.516
Queues: 173 154
2.225 2.770 -0.676 -0.078 0.168 1.516
Queues: 173 155
2.402 2.836 -0.688 -0.246 0.076 1.217
Queues: 174 155
2.260 2.889 -0.557 -0.084 0.107 1.402
Queues: 175 155
2.756 2.793 -0.273 -0.270 0.791 0.816
Queues: 176 155
2.535 2.666 -0.344 -0.250 0.502 0.906
2.938 3.039 -0.281 -0.092 0.107 0.371
Queues: 178 155
2.402 2.836 -0.688 -0.246 0.076 1.217
Queues: 178 156
2.260 2.889 -0.557 -0.084 0.107 1.402
Queues: 178 157
2.535 2.666 -0.344 -0.250 0.502 0.906
Queues: 178 158
2.938 3.039 -0.281 -0.092 0.107 0.371
Queues: 178 159
2.949 2.949 -0.000 -0.000 -0.320 -0.320
Queues: 179 159
2.846 2.932 0.359 0.457 0.145 0.252
Queues: 180 159
2.846 2.932 0.359 0.457 0.145 0.252
Queues: 180 160
2.346 2.871 -0.266 -0.000 0.350 1.564
Queues: 181 160
2.346 2.871 -0.266 -0.000 0.350 1.564
Queues: 181 161
2.111 2.904 -0.170 0.092 0.309 1.758
Queues: 182 161
2.111 2.904 -0.170 0.092 0.309 1.758
Queues: 182 162
Same timestamp, queues: 181 161
Overlap: 1.000
2.250 2.633 -0.258 0.088 0.748 1.572
Queues: 182 161
2.250 2.633 -0.258 0.088 0.748 1.572
Queues: 182 162
2.355 2.801 -0.174 0.180 -0.145 1.568
Queues: 183 162
2.355 2.801 -0.174 0.180 -0.145 1.568
Queues: 183 163
2.465 2.791 -0.172 0.266 -0.086 1.121
Queues: 184 163
2.570 2.791 -0.000 0.082 -0.086 0.293
2.465 2.693 -0.172 0.266 0.920 1.121
Queues: 184 165
Same timestamp, queues: 183 163
Overlap: 0.040
2.436 2.818 -0.000 0.266 -0.277 1.615
Queues: 184 164
2.447 2.818 -0.000 0.266 -0.277 0.441
Queues: 184 165
2.398 2.613 0.152 0.463 -0.014 1.455
Queues: 185 165
2.398 2.609 0.152 0.305 -0.014 0.611
2.520 2.613 0.178 0.463 1.086 1.455
Queues: 185 167
2.193 2.771 -0.000 0.457 -1.145 1.572
Queues: 186 167
2.193 2.771 -0.000 0.457 0.205 1.572
Queues: 186 168
2.283 2.656 -0.000 0.311 0.312 0.939
Queues: 187 168
2.283 2.656 -0.000 0.311 0.312 0.939
Queues: 187 169
2.230 2.684 0.156 0.395 0.133 1.088
Queues: 188 169
2.230 2.684 0.156 0.395 0.133 1.088
Queues: 188 170
2.256 2.562 0.146 0.402 -0.059 0.709
2.812 2.812 0.354 0.354 0.076 0.076
Queues: 190 170
2.256 2.562 0.146 0.402 -0.059 0.709
Queues: 190 171
2.262 2.725 0.146 0.441 -0.068 0.658
Queues: 191 171
2.262 2.725 0.146 0.441 -0.068 0.658
Queues: 191 172
2.086 2.551 0.361 0.572 -0.316 0.930
Queues: 192 172
2.086 2.551 0.361 0.572 -0.316 0.930
Queues: 192 173
2.102 2.379 0.217 0.578 0.014 0.557
Queues: 193 173
2.102 2.379 0.217 0.578 0.014 0.557
Queues: 193 174
Same timestamp, queues: 192 173
Overlap: 1.000
1.902 2.205 0.277 0.613 -0.109 0.846
Queues: 193 173
1.902 2.205 0.277 0.613 -0.109 0.846
Queues: 193 174
1.883 2.299 0.205 0.502 -0.336 0.725
Queues: 194 174
1.883 2.299 0.205 0.502 -0.336 0.725
Queues: 194 175
1.912 2.252 0.137 0.516 -0.139 1.184
Queues: 195 175
1.912 2.252 0.137 0.516 -0.139 1.184
Queues: 195 176
1.783 2.104 0.123 0.502 0.275 0.660
Queues: 196 176
1.783 2.104 0.123 0.502 0.275 0.660
Queues: 196 177
1.826 2.301 -0.000 0.439 -0.059 0.436
Queues: 197 177
1.826 2.301 -0.000 0.439 -0.059 0.436
Queues: 197 178
1.730 2.164 0.191 0.490 -0.264 0.676
Queues: 198 178
1.730 2.164 0.191 0.490 -0.264 0.676
Queues: 198 179
1.801 2.088 -0.000 0.430 -0.133 0.650
2.150 2.150 0.557 0.557 0.141 0.141
Queues: 200 179
1.801 2.088 -0.000 0.430 -0.133 0.650
Queues: 200 180
Queues: 200 180
1.678 1.891 -0.057 0.449 0.008 0.754
Queues: 201 180
1.678 1.891 -0.057 0.449 0.008 0.754
Queues: 201 181
1.656 1.867 -0.111 0.420 -0.223 0.469
Queues: 202 181
1.656 1.867 -0.111 0.420 -0.223 0.469
Queues: 202 182
1.559 1.861 -0.207 0.344 -0.229 0.484
Queues: 203 182
1.559 1.861 -0.207 0.344 -0.229 0.484
Queues: 203 183
1.494 1.852 -0.105 0.229 -0.080 0.604
Queues: 204 183
1.494 1.852 -0.105 0.229 -0.080 0.604
Queues: 204 184
1.395 1.850 -0.168 0.279 -0.209 0.539
Queues: 205 184
1.395 1.850 -0.168 0.279 -0.209 0.539
Queues: 205 185
Same timestamp, queues: 204 184
Overlap: 1.000
1.525 1.775 -0.252 0.252 -0.141 0.492
Queues: 205 184
1.525 1.775 -0.252 0.252 -0.141 0.492
Queues: 205 185
Same timestamp, queues: 204 184
Overlap: 1.000
1.432 1.854 -0.207 -0.000 -0.330 0.436
Queues: 205 184
1.432 1.854 -0.207 -0.000 -0.330 0.436
Queues: 205 185
1.264 1.508 -0.277 -0.041 -0.232 0.549
Queues: 206 185
1.264 1.508 -0.277 -0.041 -0.232 0.549
Queues: 206 186
1.131 1.350 -0.514 -0.170 -0.236 0.479
1.639 1.678 -0.160 -0.104 0.221 0.238
Queues: 208 186
1.131 1.350 -0.514 -0.170 -0.236 0.479
Queues: 208 187
1.131 1.623 -0.592 -0.139 0.037 0.717
Queues: 209 187
1.131 1.623 -0.592 -0.139 0.037 0.717
Queues: 209 188
1.166 1.678 -0.467 -0.160 -0.203 0.502
Queues: 210 188
1.166 1.678 -0.467 -0.160 -0.203 0.502
Queues: 210 189
1.104 1.557 -0.436 -0.350 -0.123 0.396
Queues: 211 189
1.104 1.557 -0.436 -0.350 -0.123 0.396
Queues: 211 190
Same timestamp, queues: 210 189
Overlap: 1.000
1.029 1.629 -0.629 -0.311 -0.055 0.672
Queues: 211 189
1.029 1.629 -0.629 -0.311 -0.055 0.672
Queues: 211 190
1.090 1.570 -0.695 -0.408 -0.467 0.441
Queues: 212 190
1.090 1.570 -0.695 -0.408 -0.467 0.441
Queues: 212 191
0.648 0.693 -0.041 -0.021 -0.121 -0.041
0.902 1.414 -0.711 -0.408 -0.127 0.748
Queues: 214 191
0.648 0.693 -0.041 -0.021 -0.121 -0.041
Queues: 214 192
0.902 1.414 -0.711 -0.408 -0.127 0.748
Queues: 214 193
0.641 0.688 -0.041 -0.021 -0.123 -0.035
0.895 1.365 -0.742 -0.420 -0.176 0.881
Queues: 216 193
0.641 0.688 -0.041 -0.021 -0.123 -0.035
Queues: 216 194
0.895 1.365 -0.742 -0.420 -0.176 0.881
Queues: 216 195
0.641 0.693 -0.041 -0.021 -0.123 -0.043
0.994 1.244 -0.742 -0.420 -0.166 0.590
Queues: 218 195
0.641 0.693 -0.041 -0.021 -0.123 -0.043
Queues: 218 196
0.994 1.244 -0.742 -0.420 -0.166 0.590
Queues: 218 197
0.795 1.236 -0.834 -0.305 -0.461 0.803
Queues: 219 197
0.953 1.236 -0.834 -0.305 0.020 0.803
Queues: 219 198
0.648 0.652 -0.041 -0.041 -0.076 -0.039
0.832 1.254 -0.881 -0.328 -0.332 0.770
Queues: 221 198
0.832 1.254 -0.881 -0.328 -0.332 0.770
Queues: 221 199
Same timestamp, queues: 219 198
Overlap: 0.000
0.648 0.652 -0.041 -0.041 -0.080 -0.039
0.578 1.264 -0.945 -0.393 -0.131 0.975
Queues: 222 198
0.578 1.264 -0.945 -0.393 -0.131 0.975
Queues: 222 199
0.859 1.305 -0.752 -0.340 -0.020 0.596
0.604 0.604 -0.572 -0.572 -1.281 -1.281
Queues: 224 199
0.859 1.305 -0.752 -0.340 -0.020 0.596
Queues: 224 200
0.742 1.197 -0.869 -0.248 -0.283 0.805
Queues: 225 200
0.742 1.197 -0.869 -0.248 -0.283 0.805
Queues: 225 201
Same timestamp, queues: 224 200
Overlap: 1.000
0.828 1.141 -0.648 -0.213 -0.270 0.793
Queues: 225 200
0.828 1.141 -0.648 -0.213 -0.270 0.793
Queues: 225 201
0.775 1.135 -0.688 -0.031 -0.590 0.711
Queues: 226 201
0.775 1.135 -0.688 -0.031 -0.590 0.711
Queues: 226 202
Same timestamp, queues: 225 201
Overlap: 1.000
0.504 1.182 -0.592 -0.164 -0.197 0.773
0.693 0.693 -0.021 -0.021 -0.072 -0.072
Queues: 227 201
0.504 1.182 -0.592 -0.164 -0.197 0.773
Queues: 227 202
0.824 1.055 -0.736 -0.125 -0.377 0.475
0.365 0.535 -0.277 -0.158 -1.135 1.166
Queues: 229 202
0.824 1.055 -0.736 -0.125 -0.377 0.475
Queues: 229 203
0.646 1.055 -0.625 -0.094 0.039 0.531
Queues: 230 203
0.646 1.055 -0.625 -0.094 0.039 0.531
Queues: 230 204
0.689 1.082 -0.611 -0.033 -0.408 0.529
Queues: 231 204
0.689 1.082 -0.611 -0.033 -0.408 0.529
Queues: 231 205
0.773 1.076 -0.625 -0.035 -0.174 0.689
Queues: 232 205
0.773 1.076 -0.625 -0.035 -0.174 0.689
Queues: 232 206
0.691 1.182 -0.213 -0.000 0.184 0.658
Queues: 233 206
0.691 1.182 -0.213 -0.000 0.184 0.658
Queues: 233 207
0.650 1.375 -0.197 -0.000 -0.236 0.875
Queues: 234 207
0.650 1.375 -0.197 -0.000 -0.236 0.875
Queues: 234 208
0.705 1.223 -0.307 0.156 -0.693 0.623
Queues: 235 208
0.705 1.223 -0.307 0.156 -0.693 0.623
Queues: 235 209
0.764 1.178 -0.170 0.307 -0.236 0.703
Queues: 236 209
0.764 1.178 -0.170 0.307 -0.236 0.703
Queues: 236 210
Same timestamp, queues: 235 209
Overlap: 1.000
0.768 1.238 -0.039 0.295 -0.590 0.895
Queues: 236 209
0.768 1.238 -0.039 0.273 0.080 0.895
Queues: 236 210
Same timestamp, queues: 235 209
Overlap: 0.513
0.760 1.189 -0.137 0.330 -0.129 0.662
Queues: 236 209
0.760 1.189 -0.137 0.330 -0.129 0.662
Queues: 236 210
Same timestamp, queues: 235 209
Overlap: 1.000
0.355 1.082 -0.146 0.393 -0.930 1.301
0.426 0.426 0.496 0.496 -0.928 -0.928
1.275 1.275 0.453 0.453 4.648 4.648
Queues: 238 209
0.701 1.082 -0.039 0.393 -0.211 0.873
0.646 0.871 -0.146 -0.035 -0.930 -0.779
Queues: 238 211
Same timestamp, queues: 235 209
Overlap: 0.204
Same timestamp, queues: 235 209
Overlap: 0.000
0.588 1.346 -0.076 0.270 -0.414 1.301
Queues: 237 209
0.588 1.346 -0.076 0.270 -0.414 1.301
Queues: 237 210
0.738 1.258 -0.000 0.367 0.080 1.010
Queues: 238 210
0.738 1.258 -0.000 0.367 0.080 1.010
Queues: 238 211
0.893 1.396 -0.000 0.295 -0.248 0.701
Queues: 239 211
0.893 1.396 -0.000 0.295 -0.248 0.701
Queues: 239 212
0.760 1.434 -0.000 0.318 -0.113 1.006
Queues: 240 212
0.760 1.434 -0.000 0.318 -0.113 1.006
Queues: 240 213
0.904 1.514 -0.000 0.305 0.016 0.635
Queues: 241 213
0.904 1.514 -0.000 0.305 0.016 0.635
Queues: 241 214
0.936 1.545 0.043 0.367 -0.268 0.891
Queues: 242 214
0.936 1.545 0.043 0.367 -0.268 0.891
Queues: 242 215
1.068 1.549 0.049 0.354 -0.154 0.773
Queues: 243 215
1.068 1.549 0.049 0.354 -0.154 0.773
Queues: 243 216
1.107 1.605 0.090 0.479 0.066 0.840
Queues: 244 216
1.107 1.605 0.090 0.479 0.066 0.840
Queues: 244 217
1.219 1.623 -0.096 0.504 -0.740 0.914
Queues: 245 217
1.219 1.623 -0.096 0.504 0.170 0.914
Queues: 245 218
1.375 1.809 0.104 0.504 -0.027 0.830
Queues: 246 218
1.375 1.809 0.104 0.504 -0.027 0.830
Queues: 246 219
1.439 1.934 0.098 0.400 0.092 0.865
Queues: 247 219
1.439 1.934 0.098 0.400 0.092 0.865
Queues: 247 220
1.477 1.973 0.057 0.250 0.156 0.887
1.465 1.533 0.527 0.527 0.941 1.045
Queues: 249 220
1.477 1.973 0.057 0.250 0.156 0.887
Queues: 249 221
1.477 2.020 -0.000 0.523 -0.115 0.842
Queues: 250 221
1.477 2.020 -0.000 0.523 -0.115 0.842
Queues: 250 222
1.402 2.100 0.061 0.439 -1.365 1.346
Queues: 251 222
1.428 2.100 0.061 0.400 -0.125 1.346
Queues: 251 223
1.477 2.133 -0.123 0.668 0.096 1.395
Queues: 252 223
1.477 2.133 -0.123 0.668 0.096 1.395
Queues: 252 224
1.607 2.232 -0.137 0.625 -0.604 1.406
Queues: 253 224
1.607 2.232 -0.137 0.625 -0.066 1.406
Queues: 253 225
1.619 2.229 -0.070 0.545 -0.766 1.566
Queues: 254 225
1.619 2.229 -0.000 0.545 -0.018 1.566
Queues: 254 226
1.729 2.363 -0.000 0.535 0.035 1.090
Queues: 255 226
1.729 2.363 -0.000 0.535 0.035 1.090
Queues: 255 227
Same timestamp, queues: 254 226
Overlap: 1.000
1.758 2.297 0.131 0.395 -0.123 1.035
Queues: 255 226
1.758 2.297 0.131 0.395 -0.123 1.035
Queues: 255 227
1.867 2.340 -0.000 0.625 -0.316 1.098
Queues: 256 227
1.867 2.340 -0.000 0.625 -0.316 1.098
Queues: 256 228
1.982 2.438 -0.072 0.408 -0.158 1.064
Queues: 257 228
2.049 2.438 -0.072 0.408 -0.158 0.539
Queues: 257 229
Queues: 257 229
Queues: 257 229
Queues: 257 229
1.908 2.613 -0.078 -0.000 0.129 1.592
Queues: 258 229
2.133 2.613 -0.076 -0.000 0.129 0.891
Queues: 258 230
Queues: 258 230
2.076 2.604 -0.172 -0.000 0.293 1.113
Queues: 259 230
2.076 2.604 -0.172 -0.000 0.293 1.113
Queues: 259 231
2.314 2.609 -0.254 -0.000 0.084 0.854
Queues: 260 231
2.314 2.609 -0.254 -0.000 0.084 0.854
Queues: 260 232
1.986 2.709 -0.344 -0.000 -1.211 1.414
Queues: 261 232
1.986 2.709 -0.344 -0.000 0.258 1.414
Queues: 261 233
2.371 2.600 -0.262 -0.000 0.354 1.199
Queues: 262 233
2.371 2.600 -0.262 -0.000 0.354 1.199
Queues: 262 234
1.834 2.729 -0.328 -0.078 0.191 1.852
Queues: 263 234
1.834 2.729 -0.328 -0.078 0.191 1.852
Queues: 263 235
2.369 2.805 -0.430 0.088 0.062 1.348
Queues: 264 235
2.369 2.805 -0.430 0.088 0.062 1.348
Queues: 264 236
2.180 2.754 -0.344 -0.000 0.342 1.365
Queues: 265 236
2.180 2.754 -0.344 -0.000 0.342 1.365
Queues: 265 237
2.109 2.682 -0.266 -0.078 0.568 1.875
Queues: 266 237
2.436 2.682 -0.262 -0.078 0.568 1.070
Queues: 266 238
2.410 2.768 -0.354 -0.000 0.389 1.408
Queues: 267 238
2.410 2.768 -0.354 -0.000 0.389 1.408
Queues: 267 239
2.416 2.855 -0.359 -0.000 0.068 1.645
Queues: 268 239
2.479 2.855 -0.359 -0.084 0.068 1.156
Queues: 268 240
2.533 2.861 -0.430 -0.088 -0.529 0.934
Queues: 269 240
2.533 2.861 -0.430 -0.088 0.531 0.934
Queues: 269 241
2.467 2.783 -0.270 -0.088 0.408 1.406
Queues: 270 241
2.467 2.783 -0.270 -0.088 0.408 1.406
Queues: 270 242
2.316 2.818 -0.350 -0.086 0.258 1.762
Queues: 271 242
2.316 2.818 -0.350 -0.086 0.258 1.762
Queues: 271 243
2.828 2.828 -0.000 -0.000 0.539 0.539
Queues: 272 243
2.928 2.971 -0.000 -0.000 0.695 0.707
Queues: 273 243
Queues: 273 243
Queues: 273 243
2.516 2.658 -0.088 -0.086 0.734 1.305
Queues: 274 243
2.516 2.658 -0.088 -0.086 0.734 1.305
Queues: 274 244
2.617 2.857 -0.270 -0.088 0.219 0.531
Queues: 275 244
2.617 2.857 -0.270 -0.088 0.219 0.531
Queues: 275 245
2.432 2.715 -0.250 -0.000 0.488 1.182
Queues: 276 245
2.432 2.715 -0.250 -0.000 0.488 1.182
Queues: 276 246
2.490 2.959 -0.246 -0.078 -0.188 0.568
Queues: 277 246
2.490 2.959 -0.246 -0.078 -0.188 0.568
Queues: 277 247
2.686 2.736 -0.172 -0.170 0.189 0.270
Queues: 278 247
2.410 2.773 -0.498 -0.232 0.168 0.893
Queues: 279 247
2.410 2.773 -0.498 -0.232 0.168 0.893
Queues: 279 248
2.271 2.463 -0.449 -0.311 -0.143 0.398
Queues: 280 248
2.271 2.463 -0.449 -0.311 -0.143 0.398
Queues: 280 249
Same timestamp, queues: 279 248
Overlap: 1.000
2.129 2.471 -0.562 -0.332 -0.451 1.105
Queues: 280 248
2.129 2.463 -0.486 -0.381 -0.016 0.604
Queues: 280 249
2.082 2.504 -0.496 -0.000 -0.242 1.289
Queues: 281 249
2.082 2.422 -0.496 -0.334 -0.242 0.412
Queues: 281 250
2.053 2.389 -0.566 -0.273 0.051 0.678
2.447 2.447 -0.156 -0.156 0.410 0.410
Queues: 283 250
2.053 2.389 -0.566 -0.273 0.051 0.678
Queues: 283 251
Same timestamp, queues: 282 250
Overlap: 0.000
1.883 2.404 -0.674 -0.348 -1.135 0.822
Queues: 283 250
1.979 2.404 -0.674 -0.408 0.262 0.822
Queues: 283 251
1.979 2.152 -0.695 -0.334 -0.104 0.768
Queues: 284 251
1.979 2.152 -0.695 -0.334 -0.104 0.768
Queues: 284 252
1.898 2.322 -0.662 -0.268 -0.131 0.857
Queues: 285 252
1.898 2.322 -0.662 -0.268 -0.131 0.857
Queues: 285 253
1.893 2.105 -0.734 -0.334 -0.090 0.734
Queues: 286 253
1.893 2.105 -0.734 -0.334 -0.090 0.734
Queues: 286 254
Same timestamp, queues: 285 253
Overlap: 1.000
1.750 2.023 -0.752 -0.449 -0.168 0.686
Queues: 286 253
1.750 2.023 -0.752 -0.449 -0.168 0.686
Queues: 286 254
Same timestamp, queues: 285 253
Overlap: 1.000
1.684 2.104 -0.736 -0.449 0.105 1.125
Queues: 286 253
1.684 2.104 -0.736 -0.449 0.105 1.125
Queues: 286 254
1.594 1.959 -0.832 -0.352 0.395 1.047
Queues: 287 254
1.594 1.959 -0.832 -0.352 0.395 1.047
Queues: 287 255
1.633 1.980 -0.750 -0.410 -0.141 0.850
Queues: 288 255
1.633 1.980 -0.750 -0.410 -0.141 0.850
Queues: 288 256
1.455 1.830 -0.674 -0.273 0.000 1.061
Queues: 289 256
1.455 1.830 -0.674 -0.273 0.000 1.061
Queues: 289 257
1.492 1.799 -0.629 -0.373 0.199 0.771
Queues: 290 257
1.492 1.799 -0.629 -0.373 0.199 0.771
Queues: 290 258
1.480 1.941 -0.615 -0.295 -0.074 0.693
Queues: 291 258
1.480 1.941 -0.615 -0.295 -0.074 0.693
Queues: 291 259
1.430 1.855 -0.639 -0.246 -0.688 0.615
Queues: 292 259
1.430 1.855 -0.639 -0.246 -0.688 0.615
Queues: 292 260
1.426 1.805 -0.654 -0.229 -0.434 0.668
Queues: 293 260
1.426 1.805 -0.654 -0.229 -0.434 0.668
Queues: 293 261
1.387 1.729 -0.615 -0.000 -0.184 0.570
Queues: 294 261
1.387 1.729 -0.615 -0.000 -0.184 0.570
Queues: 294 262
1.348 1.641 -0.453 -0.000 -0.115 0.672
Queues: 295 262
1.348 1.641 -0.453 -0.000 -0.115 0.672
Queues: 295 263
1.389 1.520 -0.393 -0.000 -0.045 0.547
Queues: 296 263
1.389 1.520 -0.393 -0.000 -0.045 0.547
Queues: 296 264
1.176 1.574 -0.477 -0.000 0.094 0.850
Queues: 297 264
1.176 1.574 -0.477 -0.000 0.094 0.850
Queues: 297 265
Same timestamp, queues: 296 264
Overlap: 1.000
1.238 1.471 -0.096 -0.000 0.184 0.887
1.355 1.531 -0.639 -0.344 -0.346 0.326
Queues: 298 264
1.238 1.471 -0.096 -0.000 0.184 0.887
Queues: 298 265
Same timestamp, queues: 296 264
Overlap: 1.000
1.355 1.531 -0.639 -0.344 -0.346 0.326
Queues: 297 265
Same timestamp, queues: 296 264
Overlap: 1.000
Queues: 296 264
Queues: 296 264
Queues: 296 264
Queues: 296 264
Queues: 296 264
Queues: 296 264
Queues: 296 264
2.461 2.660 -0.254 -0.164 0.244 0.998
Queues: 297 264
2.461 2.660 -0.254 -0.164 0.244 0.998
Queues: 297 265
2.564 2.697 -0.254 -0.166 -0.082 0.688
Queues: 298 265
2.564 2.697 -0.254 -0.166 -0.082 0.688
Queues: 298 266
Same timestamp, queues: 297 265
Overlap: 1.000
2.461 2.639 -0.254 -0.164 0.531 0.875
Queues: 298 265
2.461 2.639 -0.254 -0.164 0.531 0.875
Queues: 298 266
2.387 2.566 -0.402 -0.170 0.439 1.072
Queues: 299 266
2.387 2.566 -0.402 -0.170 0.439 1.072
Queues: 299 267
2.293 2.650 -0.322 -0.164 0.480 1.250
Queues: 300 267
2.293 2.650 -0.322 -0.164 0.480 1.250
Queues: 300 268
2.178 2.621 -0.254 -0.080 0.441 1.361
Queues: 301 268
2.178 2.621 -0.254 -0.080 0.441 1.361
Queues: 301 269
2.367 2.541 -0.250 -0.164 0.746 1.105
Queues: 302 269
2.367 2.541 -0.250 -0.164 0.746 1.105
Queues: 302 270
2.410 2.631 -0.250 -0.164 0.363 1.010
Queues: 303 270
2.410 2.631 -0.250 -0.164 0.363 1.010
Queues: 303 271
2.441 2.582 -0.328 -0.246 0.354 0.887
Queues: 304 271
2.441 2.582 -0.328 -0.246 0.354 0.887
Queues: 304 272
2.477 2.670 -0.332 -0.246 0.240 0.783
Queues: 305 272
2.477 2.670 -0.332 -0.246 0.240 0.783
Queues: 305 273
Queues: 305 273
2.166 2.529 -0.322 -0.000 0.785 1.352
Queues: 306 273
2.166 2.529 -0.322 -0.000 0.785 1.352
Queues: 306 274
2.094 2.553 -0.250 -0.160 0.711 1.488
Queues: 307 274
2.094 2.553 -0.250 -0.160 0.711 1.488
Queues: 307 275
2.240 2.611 -0.250 -0.160 0.443 1.246
Queues: 308 275
2.240 2.611 -0.250 -0.160 0.443 1.246
Queues: 308 276
2.258 2.590 -0.322 -0.082 0.473 1.322
Queues: 309 276
2.258 2.590 -0.322 -0.082 0.473 1.322
Queues: 309 277
2.568 2.646 -0.328 -0.166 0.115 0.443
Queues: 310 277
2.568 2.646 -0.328 -0.166 0.115 0.443
Queues: 310 278
2.143 2.291 -0.164 -0.164 1.254 1.494
2.639 2.639 -0.332 -0.250 0.092 0.240
Queues: 312 278
2.297 2.418 -0.242 -0.158 0.807 1.244
Queues: 313 278
2.297 2.418 -0.242 -0.158 0.807 1.244
Queues: 313 279
2.326 2.449 -0.246 -0.158 0.863 1.025
Queues: 314 279
2.326 2.449 -0.246 -0.158 0.863 1.025
Queues: 314 280
Queues: 314 280
Queues: 314 280
2.361 2.537 -0.328 -0.242 0.549 0.877
Queues: 315 280
2.361 2.537 -0.328 -0.242 0.549 0.877
Queues: 315 281
Queues: 315 281
2.127 2.473 -0.408 -0.078 0.531 1.518
Queues: 316 281
2.127 2.473 -0.408 -0.078 0.531 1.518
Queues: 316 282
2.410 2.613 -0.332 -0.164 0.361 0.762
Queues: 317 282
2.410 2.613 -0.332 -0.164 0.361 0.762
Queues: 317 283
2.260 2.576 -0.250 -0.078 0.570 1.377
Queues: 318 283
2.260 2.576 -0.250 -0.078 0.570 1.377
Queues: 318 284
2.277 2.658 -0.539 0.082 -0.189 1.209
Queues: 319 284
2.277 2.658 -0.539 0.082 -0.189 1.209
Queues: 319 285
2.369 2.604 -0.322 -0.000 0.104 0.912
Queues: 320 285
2.369 2.604 -0.322 -0.000 0.104 0.912
Queues: 320 286
2.307 2.652 -0.332 -0.078 0.029 1.184
Queues: 321 286
2.307 2.652 -0.332 -0.078 0.029 1.184
Queues: 321 287
2.324 2.537 -0.166 -0.000 0.537 0.998
Queues: 322 287
2.324 2.537 -0.166 -0.000 0.537 0.998
Queues: 322 288
2.381 2.602 -0.344 -0.000 0.514 1.094
Queues: 323 288
2.381 2.602 -0.344 -0.000 0.514 1.094
Queues: 323 289
2.275 2.529 -0.232 -0.000 0.668 1.107
Queues: 324 289
2.275 2.529 -0.232 -0.000 0.668 1.107
Queues: 324 290
2.363 2.578 -0.166 -0.000 0.635 0.914
Queues: 325 290
2.363 2.578 -0.166 -0.000 0.635 0.914
Queues: 325 291
2.080 2.080 0.080 0.080 1.514 1.514
2.340 2.455 -0.078 -0.000 0.607 1.174
Queues: 327 291
2.340 2.455 -0.078 -0.000 0.607 1.174
Queues: 327 292
2.387 2.600 -0.254 -0.158 0.514 0.783
Queues: 328 292
2.387 2.600 -0.254 -0.158 0.514 0.783
Queues: 328 293
2.271 2.572 -0.225 -0.082 0.449 0.633
Queues: 329 293
2.271 2.572 -0.225 -0.082 0.449 0.633
Queues: 329 294
2.340 2.605 -0.316 -0.156 -0.072 0.227
Queues: 330 294
2.340 2.605 -0.316 -0.156 -0.072 0.227
Queues: 330 295
2.268 2.562 -0.322 -0.074 -0.168 0.393
Queues: 331 295
2.268 2.562 -0.322 -0.074 -0.168 0.393
Queues: 331 296
2.201 2.344 -0.221 -0.209 -0.088 0.242
Queues: 332 296
2.201 2.344 -0.221 -0.209 -0.088 0.242
Queues: 332 297
2.188 2.418 -0.254 -0.000 0.215 1.184
Queues: 333 297
2.188 2.418 -0.254 -0.000 0.215 1.184
Queues: 333 298
2.068 2.270 -0.209 -0.000 0.080 0.928
Queues: 334 298
2.068 2.270 -0.209 -0.000 0.080 0.928
Queues: 334 299
1.910 2.441 -0.232 -0.000 -1.377 0.746
Queues: 335 299
2.061 2.441 -0.232 -0.000 0.096 0.746
Queues: 335 300
2.053 2.309 -0.146 -0.000 0.443 0.736
Queues: 336 300
2.053 2.309 -0.146 -0.000 0.443 0.736
Queues: 336 301
2.049 2.137 -0.066 -0.000 -0.020 0.162
Queues: 337 301
2.049 2.137 -0.066 -0.000 -0.020 0.162
Queues: 337 302
Queues: 337 302
1.998 2.291 -0.143 -0.070 0.260 0.443
Queues: 338 302
1.998 2.291 -0.143 -0.070 0.260 0.443
Queues: 338 303
Same timestamp, queues: 337 302
Overlap: 1.000
1.693 1.740 0.109 0.160 0.045 0.074
Queues: 338 302
1.570 1.732 -0.000 -0.000 0.045 0.447
Queues: 339 302
1.570 1.732 -0.000 -0.000 0.045 0.447
Queues: 339 303
1.307 1.807 -0.000 0.246 0.406 1.512
Queues: 340 303
1.307 1.807 -0.000 0.246 0.406 1.512
Queues: 340 304
1.559 1.871 -0.172 -0.109 -0.059 0.775
Queues: 341 304
1.559 1.871 -0.172 -0.109 -0.059 0.775
Queues: 341 305
1.461 1.730 -0.109 0.143 0.098 0.467
Queues: 342 305
1.461 1.730 -0.109 0.143 0.098 0.467
Queues: 342 306
1.365 1.627 -0.146 0.400 -1.545 0.504
Queues: 343 306
1.365 1.627 -0.146 0.191 0.172 0.504
Queues: 343 307
Same timestamp, queues: 342 306
Overlap: 0.100
1.371 1.559 -0.000 0.232 0.193 0.602
Queues: 343 306
1.371 1.559 -0.000 0.232 0.193 0.602
Queues: 343 307
Same timestamp, queues: 342 306
Overlap: 1.000
1.363 1.605 -0.088 0.232 -0.203 0.453
Queues: 343 306
1.363 1.605 -0.088 0.232 -0.203 0.453
Queues: 343 307
1.254 1.480 -0.174 0.191 -0.158 0.502
Queues: 344 307
1.254 1.480 -0.174 0.191 -0.158 0.502
Queues: 344 308
1.121 1.467 -0.174 0.180 -0.271 0.531
Queues: 345 308
1.121 1.467 -0.174 0.180 -0.271 0.531
Queues: 345 309
Same timestamp, queues: 344 308
Overlap: 1.000
1.105 1.396 -0.084 0.186 0.217 0.615
Queues: 345 308
1.105 1.396 -0.084 0.186 0.217 0.615
Queues: 345 309
0.646 0.691 -0.041 -0.020 -0.135 -0.057
1.145 1.393 -0.131 0.152 -0.682 0.660
Queues: 347 309
0.646 0.691 -0.041 -0.020 -0.135 -0.057
Queues: 347 310
1.145 1.393 -0.131 0.152 -0.074 0.660
Queues: 347 311
0.648 1.238 -0.158 0.164 -0.090 0.967
Queues: 348 311
0.730 1.238 -0.158 0.164 0.287 0.967
0.648 0.691 -0.041 -0.020 -0.090 -0.059
Queues: 348 313
0.646 0.650 -0.041 -0.020 -0.088 -0.059
1.055 1.658 -0.170 0.277 -1.346 0.666
Queues: 350 313
1.055 1.455 -0.170 0.277 -0.244 0.666
1.545 1.658 -0.000 0.191 -1.346 -1.129
Queues: 350 315
0.584 1.291 -0.273 0.070 -2.012 0.773
Queues: 351 315
0.764 1.291 -0.273 0.070 -0.166 0.773
Queues: 351 316
0.873 1.250 -0.340 -0.000 -0.092 0.600
Queues: 352 316
0.873 1.250 -0.340 -0.000 -0.092 0.600
Queues: 352 317
0.646 0.646 -0.041 -0.041 -0.088 -0.088
0.922 1.465 -0.273 -0.000 -1.461 0.494
Queues: 354 317
0.922 1.465 -0.273 -0.074 0.027 0.494
Queues: 354 318
0.932 1.473 -0.496 -0.045 -0.822 0.994
0.775 0.775 -0.078 -0.078 0.996 0.996
Queues: 356 318
0.932 1.473 -0.496 -0.045 -0.822 0.994
Queues: 356 319
0.646 0.646 -0.041 -0.041 -0.088 -0.088
0.990 1.285 -0.508 -0.146 -0.219 0.711
0.607 0.607 -0.350 -0.350 -1.207 -1.207
Queues: 359 319
0.990 1.285 -0.508 -0.146 -0.219 0.711
Queues: 359 320
1.043 1.311 -0.514 -0.111 0.053 0.787
0.703 0.703 -0.314 -0.314 1.217 1.217
Queues: 361 320
1.043 1.311 -0.514 -0.111 0.053 0.787
Queues: 361 321
Same timestamp, queues: 359 320
Overlap: 1.000
0.646 0.646 -0.041 -0.041 -0.086 -0.086
1.115 1.408 -0.465 -0.146 0.066 0.488
Queues: 362 320
1.115 1.408 -0.465 -0.146 0.066 0.488
Queues: 362 321
0.648 0.686 -0.041 -0.020 -0.131 -0.057
1.008 1.492 -0.594 -0.146 -0.068 0.834
Queues: 364 321
0.648 0.686 -0.041 -0.020 -0.131 -0.057
Queues: 364 322
Same timestamp, queues: 362 321
Overlap: 1.000
1.008 1.492 -0.594 -0.146 -0.068 0.834
Queues: 363 322
0.648 0.691 -0.041 -0.020 -0.133 -0.055
1.061 1.545 -0.566 -0.363 0.275 0.602
Queues: 365 322
0.648 0.691 -0.041 -0.020 -0.133 -0.055
Queues: 365 323
Same timestamp, queues: 363 322
Overlap: 1.000
1.061 1.545 -0.566 -0.363 0.275 0.602
Queues: 364 323
0.646 0.691 -0.041 -0.020 -0.131 -0.059
1.004 1.660 -0.592 -0.344 0.074 0.898
Queues: 366 323
0.646 0.691 -0.041 -0.020 -0.131 -0.059
Queues: 366 324
Same timestamp, queues: 364 323
Overlap: 1.000
1.004 1.660 -0.592 -0.344 0.074 0.898
Queues: 365 324
Same timestamp, queues: 364 323
Overlap: 1.000
0.648 0.693 -0.041 -0.020 -0.133 -0.059
1.104 1.629 -0.549 -0.441 -0.354 0.748
Queues: 366 323
0.648 0.693 -0.041 -0.020 -0.133 -0.059
Queues: 366 324
Same timestamp, queues: 364 323
Overlap: 1.000
1.104 1.629 -0.549 -0.441 -0.354 0.748
Queues: 365 324
0.646 0.693 -0.041 -0.020 -0.133 -0.055
1.025 1.566 -0.654 -0.393 0.037 1.377
Queues: 367 324
0.646 0.693 -0.041 -0.020 -0.133 -0.055
Queues: 367 325
Same timestamp, queues: 365 324
Overlap: 1.000
1.133 1.566 -0.654 -0.393 0.037 0.699
Queues: 366 325
0.646 0.717 -0.041 -0.000 -0.209 -0.057
1.207 1.773 -0.629 -0.232 0.061 0.740
Queues: 368 325
0.646 0.717 -0.041 -0.000 -0.209 -0.057
Queues: 368 326
Same timestamp, queues: 366 325
Overlap: 1.000
1.207 1.773 -0.629 -0.232 0.061 0.740
Queues: 367 326
Same timestamp, queues: 366 325
Overlap: 1.000
0.648 0.693 -0.041 -0.020 -0.131 -0.051
1.053 1.801 -0.621 -0.160 -0.852 1.326
Queues: 368 325
0.648 0.693 -0.041 -0.020 -0.131 -0.051
Queues: 368 326
1.053 1.801 -0.621 -0.160 -0.152 1.326
Queues: 368 327
1.309 1.936 -0.721 -0.307 -0.283 1.982
Queues: 369 327
1.309 1.936 -0.721 -0.307 -0.283 0.785
Queues: 369 328
Same timestamp, queues: 368 327
Overlap: 0.472
1.357 1.824 -0.600 -0.266 0.012 1.184
Queues: 369 327
1.357 1.824 -0.600 -0.266 0.012 1.184
Queues: 369 328
1.398 1.836 -0.820 -0.180 0.150 1.314
Queues: 370 328
1.398 1.836 -0.820 -0.180 0.150 1.314
Queues: 370 329
1.094 1.799 -0.600 -0.197 0.688 1.459
Queues: 371 329
1.094 1.799 -0.600 -0.197 0.688 1.459
Queues: 371 330
1.572 2.158 -0.975 -0.400 -1.783 0.975
Queues: 372 330
1.572 2.096 -0.852 -0.400 -0.908 0.975
Queues: 372 331
1.674 2.166 -0.674 -0.205 0.129 1.047
Queues: 373 331
1.674 2.166 -0.674 -0.205 0.129 1.047
Queues: 373 332
1.768 1.959 -0.512 -0.410 0.125 1.076
Queues: 374 332
1.768 1.959 -0.512 -0.410 0.125 1.076
Queues: 374 333
1.797 1.945 -0.469 -0.340 0.191 1.100
2.225 2.258 -0.674 -0.590 0.451 0.506
Queues: 376 333
1.797 1.945 -0.469 -0.340 0.191 1.100
Queues: 376 334
1.520 2.242 -0.773 -0.408 -2.348 1.559
Queues: 377 334
1.520 2.242 -0.723 -0.408 0.695 1.559
Queues: 377 335
1.777 2.064 -0.361 -0.295 0.918 1.518
Queues: 378 335
1.996 2.064 -0.361 -0.348 0.918 0.975
Queues: 378 336
2.078 2.434 -0.748 -0.367 0.332 1.047
Queues: 379 336
2.078 2.434 -0.748 -0.367 0.332 1.047
Queues: 379 337
1.785 2.559 -0.777 -0.381 -0.207 1.473
Queues: 380 337
1.785 2.559 -0.777 -0.381 -0.207 1.473
Queues: 380 338
2.234 2.637 -0.777 -0.164 0.023 1.264
Queues: 381 338
2.234 2.637 -0.777 -0.164 0.023 1.264
Queues: 381 339
2.121 2.633 -0.791 -0.170 -1.328 1.355
Queues: 382 339
2.121 2.633 -0.791 -0.170 0.084 1.355
Queues: 382 340
2.029 2.691 -0.840 -0.225 -2.215 1.670
Queues: 383 340
2.029 2.691 -0.811 -0.225 0.094 1.670
Queues: 383 341
2.221 2.670 -0.785 -0.152 0.088 1.166
Queues: 384 341
2.221 2.670 -0.785 -0.152 0.088 1.166
Queues: 384 342
2.328 2.594 -0.688 -0.236 0.488 1.219
Queues: 385 342
2.328 2.594 -0.688 -0.236 0.488 1.219
Queues: 385 343
2.410 2.793 -0.629 -0.408 -0.172 1.246
1.943 1.943 -0.422 -0.422 1.834 1.834
Queues: 387 343
2.410 2.793 -0.629 -0.408 -0.172 1.246
Queues: 387 344
Queues: 387 344
Queues: 387 344
2.373 2.449 -0.332 -0.250 0.900 1.176
Queues: 388 344
2.373 2.449 -0.332 -0.250 0.900 1.176
Queues: 388 345
2.217 2.646 -0.582 -0.316 -0.068 1.176
Queues: 389 345
2.566 2.646 -0.582 -0.416 -0.068 0.602
2.217 2.324 -0.328 -0.316 1.059 1.176
Queues: 389 347
2.562 2.719 -0.422 -0.172 0.318 0.619
2.117 2.221 -0.322 -0.236 1.260 1.365
Queues: 391 347
2.562 2.719 -0.422 -0.172 0.318 0.619
Queues: 391 348
2.336 2.654 -0.338 -0.160 0.334 1.066
Queues: 392 348
2.336 2.654 -0.338 -0.160 0.334 1.066
Queues: 392 349
2.418 2.766 -0.174 -0.000 0.344 1.305
Queues: 393 349
2.418 2.766 -0.174 -0.000 0.344 1.305
Queues: 393 350
2.471 2.916 -0.273 -0.000 -0.184 1.201
Queues: 394 350
2.471 2.916 -0.273 -0.000 -0.184 1.201
Queues: 394 351
Same timestamp, queues: 393 350
Overlap: 1.000
2.418 2.877 -0.254 -0.000 -0.287 0.719
Queues: 394 350
2.418 2.877 -0.254 -0.000 -0.287 0.719
Queues: 394 351
2.312 2.924 -0.078 -0.000 -0.066 1.027
Queues: 395 351
2.312 2.924 -0.078 -0.000 -0.066 1.027
Queues: 395 352
2.324 2.861 -0.088 0.246 0.088 1.117
Queues: 396 352
2.324 2.861 -0.088 0.246 0.088 1.117
Queues: 396 353
2.242 2.697 -0.164 0.408 0.326 1.506
Queues: 397 353
2.242 2.697 -0.164 0.408 0.326 1.506
Queues: 397 354
2.291 2.785 -0.088 0.416 -1.289 1.352
Queues: 398 354
2.342 2.785 -0.088 0.322 -0.281 1.352
Queues: 398 355
2.195 2.498 0.316 0.422 0.734 1.467
2.281 2.871 -0.078 -0.000 -0.137 0.840
Queues: 400 355
2.195 2.498 0.316 0.422 0.734 1.467
Queues: 400 356
2.281 2.871 -0.078 -0.000 -0.137 0.840
Queues: 400 357
2.254 2.631 -0.000 0.553 0.121 1.033
Queues: 401 357
2.254 2.631 -0.000 0.553 0.121 1.033
Queues: 401 358
2.240 2.719 0.156 0.508 0.023 1.322
Queues: 402 358
2.240 2.719 0.156 0.508 0.023 1.322
Queues: 402 359
2.252 2.654 0.232 0.553 0.102 0.535
Queues: 403 359
2.252 2.654 0.232 0.553 0.102 0.535
Queues: 403 360
2.238 2.512 0.232 0.562 0.045 0.848
Queues: 404 360
2.238 2.512 0.395 0.562 0.045 0.287
Queues: 404 361
Same timestamp, queues: 403 360
Overlap: 0.154
2.139 2.377 0.074 0.508 -0.197 1.377
Queues: 404 360
2.139 2.377 0.074 0.506 -0.197 0.836
Queues: 404 361
2.018 2.404 0.221 0.467 -0.105 1.547
Queues: 405 361
2.018 2.404 0.221 0.467 -0.105 1.547
Queues: 405 362
1.729 2.348 -0.000 0.482 0.123 1.582
Queues: 406 362
2.020 2.348 -0.000 0.393 0.123 0.479
1.729 2.145 0.143 0.482 0.963 1.582
Queues: 406 364
2.002 2.439 -0.000 0.389 0.115 0.865
Queues: 407 364
2.002 2.439 -0.000 0.389 0.115 0.865
Queues: 407 365
1.977 2.510 -0.000 0.459 -0.010 0.574
Queues: 408 365
1.977 2.510 -0.000 0.459 -0.010 0.574
Queues: 408 366
Same timestamp, queues: 407 365
Overlap: 1.000
1.961 2.424 0.213 0.467 -0.010 0.760
Queues: 408 365
1.961 2.424 0.213 0.467 -0.010 0.760
Queues: 408 366
1.840 2.209 0.059 0.486 -0.195 0.729
Queues: 409 366
1.840 2.209 0.059 0.486 -0.195 0.729
Queues: 409 367
1.838 2.084 -0.000 0.250 -0.020 0.359
Queues: 410 367
1.838 2.084 -0.000 0.250 -0.020 0.359
Queues: 410 368
1.699 1.947 -0.000 0.377 -0.162 0.619
Queues: 411 368
1.699 1.947 -0.000 0.377 -0.162 0.619
Queues: 411 369
1.654 2.053 -0.066 0.367 -0.104 1.125
Queues: 412 369
1.654 2.053 -0.066 0.367 -0.104 1.125
Queues: 412 370
1.631 1.930 -0.062 0.307 0.158 0.914
Queues: 413 370
1.631 1.930 -0.062 0.307 0.158 0.914
Queues: 413 371
1.510 1.938 -0.000 0.367 -0.084 0.730
Queues: 414 371
1.510 1.938 -0.000 0.367 -0.084 0.730
Queues: 414 372
1.496 1.754 0.098 0.303 0.109 0.506
Queues: 415 372
1.496 1.754 0.098 0.303 0.109 0.506
Queues: 415 373
1.516 1.912 0.053 0.359 -0.324 0.529
Queues: 416 373
1.516 1.912 0.053 0.359 -0.324 0.529
Queues: 416 374
1.525 1.766 0.104 0.328 -0.021 0.504
Queues: 417 374
1.525 1.766 0.104 0.328 -0.021 0.504
Queues: 417 375
1.361 1.791 -0.000 0.229 0.275 0.693
Queues: 418 375
1.361 1.791 -0.000 0.229 0.275 0.693
Queues: 418 376
1.248 1.873 -0.158 0.205 -0.109 0.885
Queues: 419 376
1.248 1.873 -0.158 0.205 -0.109 0.885
Queues: 419 377
Queues: 419 377
0.984 1.525 -0.049 0.354 0.148 0.848
Queues: 420 377
0.984 1.525 -0.049 0.354 0.148 0.848
Queues: 420 378
1.047 1.525 -0.047 0.082 -0.029 0.691
Queues: 421 378
1.047 1.525 -0.047 0.082 -0.029 0.691
Queues: 421 379
1.789 1.789 -0.000 -0.000 0.000 0.000
Queues: 422 379
0.893 1.275 -0.123 0.031 0.219 0.627
Queues: 423 379
0.893 1.275 -0.123 0.031 0.219 0.627
Queues: 423 380
0.941 1.178 -0.152 0.146 -0.170 0.584
Queues: 424 380
0.941 1.178 -0.152 0.146 -0.170 0.584
Queues: 424 381
0.959 1.607 -0.186 0.070 -0.180 0.590
Queues: 425 381
0.959 1.607 -0.186 0.070 -0.180 0.590
Queues: 425 382
0.854 1.299 -0.197 0.070 -0.295 0.811
Queues: 426 382
0.854 1.299 -0.197 0.070 -0.295 0.811
Queues: 426 383
0.861 1.311 -0.270 0.098 -0.479 0.500
Queues: 427 383
0.861 1.311 -0.270 0.098 -0.479 0.500
Queues: 427 384
0.805 1.195 -0.000 0.037 0.000 0.799
0.775 0.775 -0.270 -0.270 0.496 0.496
1.066 1.066 -0.283 -0.283 0.266 0.266
Queues: 430 384
0.805 1.195 -0.000 0.037 0.000 0.799
Queues: 430 385
0.549 1.160 -0.340 -0.000 -0.791 0.719
Queues: 431 385
0.549 1.160 -0.340 -0.000 -0.791 0.719
Queues: 431 386
0.799 1.020 -0.340 -0.029 -0.055 0.477
Queues: 432 386
0.799 1.020 -0.340 -0.029 -0.055 0.477
Queues: 432 387
0.814 1.064 -0.375 -0.055 0.092 0.543
Queues: 433 387
0.814 1.064 -0.375 -0.055 0.092 0.543
Queues: 433 388
0.738 1.197 -0.426 -0.000 -0.461 0.723
Queues: 434 388
0.738 1.197 -0.426 -0.000 -0.461 0.723
Queues: 434 389
0.715 1.209 -0.391 0.094 -0.283 0.406
Queues: 435 389
0.715 1.209 -0.391 0.094 -0.283 0.406
Queues: 435 390
0.729 1.025 -0.359 -0.000 -0.129 0.619
Queues: 436 390
0.729 1.025 -0.359 -0.000 -0.129 0.619
Queues: 436 391
0.750 1.123 -0.295 0.057 -0.061 0.574
0.520 0.520 -0.258 -0.258 0.709 0.709
Queues: 438 391
0.750 1.123 -0.295 0.057 -0.061 0.574
Queues: 438 392
0.734 1.018 -0.301 -0.000 -0.037 0.549
Queues: 439 392
0.734 1.018 -0.301 -0.000 -0.037 0.549
Queues: 439 393
0.686 1.008 -0.332 0.025 0.035 0.783
Queues: 440 393
0.686 1.008 -0.332 0.025 0.035 0.783
Queues: 440 394
0.674 1.105 -0.400 0.061 -0.098 0.682
0.242 0.539 0.205 0.381 -1.043 1.010
Queues: 442 394
0.674 1.105 -0.400 0.061 -0.098 0.682
Queues: 442 395
0.242 0.539 0.205 0.381 -1.043 -0.916
Queues: 442 396
0.662 0.904 -0.029 0.143 0.006 0.695
0.693 1.148 -0.496 -0.105 -0.365 0.748
Queues: 444 396
0.662 0.904 -0.029 0.143 0.006 0.695
Queues: 444 397
0.693 1.148 -0.496 -0.105 -0.365 0.748
Queues: 444 398
0.373 1.209 -0.355 -0.000 -0.605 0.988
Queues: 445 398
0.373 1.209 -0.355 -0.000 -0.605 0.988
Queues: 445 399
Same timestamp, queues: 444 398
Overlap: 1.000
0.711 1.092 -0.332 -0.000 0.057 0.604
Queues: 445 398
0.711 1.092 -0.332 -0.000 0.057 0.604
Queues: 445 399
Same timestamp, queues: 444 398
Overlap: 1.000
0.582 1.309 -0.344 -0.000 -0.092 0.758
Queues: 445 398
0.582 1.309 -0.344 -0.000 -0.092 0.758
Queues: 445 399
Same timestamp, queues: 444 398
Overlap: 1.000
0.781 1.137 -0.332 -0.025 -0.020 0.633
Queues: 445 398
0.781 1.137 -0.332 -0.025 -0.020 0.633
Queues: 445 399
0.730 1.146 -0.355 -0.061 -0.027 0.492
Queues: 446 399
0.730 1.146 -0.355 -0.061 -0.027 0.492
Queues: 446 400
0.564 1.152 -0.426 -0.104 -0.773 0.465
0.500 0.500 -0.125 -0.125 -0.861 -0.861
Queues: 448 400
0.766 1.152 -0.426 -0.104 -0.168 0.465
Queues: 448 401
0.834 1.174 -0.828 -0.246 -0.996 0.895
Queues: 449 401
0.834 1.174 -0.828 -0.246 -0.051 0.895
Queues: 449 402
0.635 1.404 -0.475 -0.164 0.053 0.998
Queues: 450 402
0.635 1.404 -0.475 -0.164 0.053 0.998
Queues: 450 403
0.922 1.367 -0.566 -0.213 0.135 0.676
Queues: 451 403
0.922 1.367 -0.566 -0.213 0.135 0.676
Queues: 451 404
0.973 1.406 -0.633 -0.150 -0.035 1.057
Queues: 452 404
0.973 1.406 -0.633 -0.248 -0.035 0.578
Queues: 452 405
0.920 1.271 -0.811 -0.221 -0.168 1.184
Queues: 453 405
0.920 1.271 -0.811 -0.221 -0.168 1.184
Queues: 453 406
Same timestamp, queues: 452 405
Overlap: 1.000
0.648 0.688 -0.041 -0.021 -0.121 -0.033
0.811 1.469 -0.715 -0.248 -1.293 1.412
Queues: 454 405
0.648 0.688 -0.041 -0.021 -0.121 -0.033
Queues: 454 406
Same timestamp, queues: 452 405
Overlap: 1.000
0.834 1.469 -0.715 -0.248 -0.523 0.908
Queues: 453 406
1.150 1.555 -0.834 -0.305 -0.084 0.717
Queues: 454 406
1.150 1.555 -0.834 -0.305 -0.084 0.717
Queues: 454 407
1.168 1.686 -0.820 -0.363 -0.076 0.859
1.178 1.178 -0.191 -0.191 -0.951 -0.951
Queues: 456 407
1.168 1.686 -0.820 -0.363 -0.076 0.859
Queues: 456 408
1.281 1.641 -0.715 -0.479 0.215 0.842
Queues: 457 408
1.281 1.641 -0.715 -0.479 0.215 0.842
Queues: 457 409
1.238 1.736 -0.807 -0.404 -0.404 0.904
Queues: 458 409
1.238 1.736 -0.807 -0.404 -0.404 0.904
Queues: 458 410
Same timestamp, queues: 457 409
Overlap: 1.000
1.279 1.711 -0.998 -0.615 -2.043 0.734
1.887 1.887 -0.430 -0.430 -0.332 -0.332
Queues: 459 409
1.279 1.711 -0.840 -0.615 0.053 0.734
Queues: 459 410
1.154 1.730 -0.941 -0.621 -0.912 1.336
Queues: 460 410
1.371 1.730 -0.736 -0.621 0.059 0.725
Queues: 460 411
1.377 1.828 -0.777 -0.600 0.010 0.867
1.717 1.717 -0.273 -0.273 0.148 0.148
Queues: 462 411
1.377 1.828 -0.777 -0.600 0.010 0.867
Queues: 462 412
1.232 1.932 -0.998 -0.459 -2.127 1.275
Queues: 463 412
1.232 1.932 -0.869 -0.459 0.150 1.275
1.387 1.662 -0.998 -0.930 -2.127 -1.840
Queues: 463 414
1.521 1.990 -0.852 -0.393 -0.541 1.383
Queues: 464 414
1.521 1.990 -0.801 -0.393 0.010 1.383
Queues: 464 415
1.510 2.020 -0.990 -0.420 -2.025 1.246
Queues: 465 415
1.510 2.020 -0.766 -0.420 0.447 1.246
1.791 1.980 -0.990 -0.959 -2.025 -1.719
Queues: 465 417
1.748 1.982 -0.939 -0.467 0.215 1.053
Queues: 466 417
1.748 1.982 -0.939 -0.467 0.215 1.053
Queues: 466 418
1.717 2.078 -0.736 -0.404 -2.666 1.230
2.174 2.174 -0.213 -0.213 0.611 0.611
Queues: 468 418
1.717 2.078 -0.736 -0.512 0.102 1.230
Queues: 468 419
1.727 2.082 -0.654 -0.367 0.123 1.398
Queues: 469 419
1.727 2.082 -0.654 -0.367 0.123 1.398
Queues: 469 420
1.652 2.139 -0.590 -0.340 -0.230 1.492
Queues: 470 420
1.652 2.139 -0.590 -0.340 0.393 1.492
Queues: 470 421
1.971 2.596 -0.602 -0.367 -0.191 0.850
Queues: 471 421
1.971 2.596 -0.602 -0.367 -0.191 0.850
Queues: 471 422
1.828 2.242 -0.643 -0.367 -0.055 1.348
1.561 1.561 -0.367 -0.367 1.727 1.727
Queues: 473 422
1.828 2.242 -0.643 -0.367 -0.055 1.348
Queues: 473 423
2.021 2.578 -0.725 -0.295 -0.367 1.457
Queues: 474 423
2.021 2.578 -0.725 -0.295 -0.367 1.457
Queues: 474 424
2.057 2.600 -0.676 -0.295 -0.010 1.199
1.654 1.654 -0.402 -0.402 -1.930 -1.930
Queues: 476 424
2.057 2.600 -0.676 -0.295 -0.010 1.199
Queues: 476 425
2.199 2.602 -0.676 -0.295 0.467 0.967
Queues: 477 425
2.199 2.602 -0.676 -0.295 0.467 0.967
Queues: 477 426
2.121 2.629 -0.582 -0.301 0.322 1.080
Queues: 478 426
2.121 2.629 -0.582 -0.301 0.322 1.080
Queues: 478 427
2.197 2.797 -0.602 -0.229 -0.135 1.191
Queues: 479 427
2.197 2.797 -0.602 -0.229 -0.135 1.191
Queues: 479 428
2.201 2.711 -0.697 -0.311 0.150 1.293
Queues: 480 428
2.201 2.711 -0.697 -0.311 0.150 1.293
Queues: 480 429
2.225 2.770 -0.676 -0.078 0.168 1.516
Queues: 481 429
2.225 2.770 -0.676 -0.078 0.168 1.516
Queues: 481 430
2.402 2.836 -0.688 -0.246 0.076 1.217
Queues: 482 430
2.402 2.836 -0.688 -0.246 0.076 1.217
Queues: 482 431
2.260 2.889 -0.557 -0.084 0.107 1.402
Queues: 483 431
2.260 2.889 -0.557 -0.084 0.107 1.402
Queues: 483 432
2.756 2.793 -0.273 -0.270 0.791 0.816
Queues: 484 432
2.535 2.666 -0.344 -0.250 0.502 0.906
2.938 3.039 -0.281 -0.092 0.107 0.371
Queues: 486 432
2.535 2.666 -0.344 -0.250 0.502 0.906
Queues: 486 433
2.938 3.039 -0.281 -0.092 0.107 0.371
Queues: 486 434
2.949 2.949 -0.000 -0.000 -0.320 -0.320
Queues: 487 434
2.846 2.932 0.359 0.457 0.145 0.252
Queues: 488 434
2.846 2.932 0.359 0.457 0.145 0.252
Queues: 488 435
2.346 2.871 -0.266 -0.000 0.350 1.564
Queues: 489 435
2.346 2.871 -0.266 -0.000 0.350 1.564
Queues: 489 436
2.111 2.904 -0.170 0.092 0.309 1.758
Queues: 490 436
2.111 2.904 -0.170 0.092 0.309 1.758
Queues: 490 437
2.250 2.633 -0.258 0.088 0.748 1.572
Queues: 491 437
2.250 2.633 -0.258 0.088 0.748 1.572
Queues: 491 438
2.355 2.801 -0.174 0.180 -0.145 1.568
Queues: 492 438
2.355 2.801 -0.174 0.180 -0.145 1.568
Queues: 492 439
2.465 2.791 -0.172 0.266 -0.086 1.121
Queues: 493 439
2.570 2.791 -0.000 0.082 -0.086 0.293
2.465 2.693 -0.172 0.266 0.920 1.121
Queues: 493 441
2.436 2.818 -0.000 0.266 -0.277 1.615
Queues: 494 441
2.447 2.818 -0.000 0.266 -0.277 0.441
Queues: 494 442
Same timestamp, queues: 493 441
Overlap: 0.368
2.398 2.613 0.152 0.463 -0.014 1.455
Queues: 494 441
2.398 2.609 0.152 0.305 -0.014 0.611
2.520 2.613 0.178 0.463 1.086 1.455
Queues: 494 443
Same timestamp, queues: 493 441
Overlap: 0.205
2.193 2.771 -0.000 0.457 -1.145 1.572
Queues: 494 442
2.193 2.771 -0.000 0.457 0.205 1.572
Queues: 494 443
2.283 2.656 -0.000 0.311 0.312 0.939
Queues: 495 443
2.283 2.656 -0.000 0.311 0.312 0.939
Queues: 495 444
2.230 2.684 0.156 0.395 0.133 1.088
Queues: 496 444
2.230 2.684 0.156 0.395 0.133 1.088
Queues: 496 445
2.256 2.562 0.146 0.402 -0.059 0.709
2.812 2.812 0.354 0.354 0.076 0.076
Queues: 498 445
2.256 2.562 0.146 0.402 -0.059 0.709
Queues: 498 446
2.262 2.725 0.146 0.441 -0.068 0.658
Queues: 499 446
2.262 2.725 0.146 0.441 -0.068 0.658
Queues: 499 447
2.086 2.551 0.361 0.572 -0.316 0.930
Queues: 500 447
2.086 2.551 0.361 0.572 -0.316 0.930
Queues: 500 448
2.102 2.379 0.217 0.578 0.014 0.557
Queues: 501 448
2.102 2.379 0.217 0.578 0.014 0.557
Queues: 501 449
Same timestamp, queues: 500 448
Overlap: 1.000
1.902 2.205 0.277 0.613 -0.109 0.846
Queues: 501 448
1.902 2.205 0.277 0.613 -0.109 0.846
Queues: 501 449
1.883 2.299 0.205 0.502 -0.336 0.725
Queues: 502 449
1.883 2.299 0.205 0.502 -0.336 0.725
Queues: 502 450
1.912 2.252 0.137 0.516 -0.139 1.184
Queues: 503 450
1.912 2.252 0.137 0.516 -0.139 1.184
Queues: 503 451
1.783 2.104 0.123 0.502 0.275 0.660
Queues: 504 451
1.783 2.104 0.123 0.502 0.275 0.660
Queues: 504 452
1.826 2.301 -0.000 0.439 -0.059 0.436
Queues: 505 452
1.826 2.301 -0.000 0.439 -0.059 0.436
Queues: 505 453
1.730 2.164 0.191 0.490 -0.264 0.676
Queues: 506 453
1.730 2.164 0.191 0.490 -0.264 0.676
Queues: 506 454
1.801 2.088 -0.000 0.430 -0.133 0.650
2.150 2.150 0.557 0.557 0.141 0.141
Queues: 508 454
1.801 2.088 -0.000 0.430 -0.133 0.650
Queues: 508 455
Queues: 508 455
1.678 1.891 -0.057 0.449 0.008 0.754
Queues: 509 455
1.678 1.891 -0.057 0.449 0.008 0.754
Queues: 509 456
1.656 1.867 -0.111 0.420 -0.223 0.469
Queues: 510 456
1.656 1.867 -0.111 0.420 -0.223 0.469
Queues: 510 457
1.559 1.861 -0.207 0.344 -0.229 0.484
Queues: 511 457
1.559 1.861 -0.207 0.344 -0.229 0.484
Queues: 511 458
Same timestamp, queues: 510 457
Overlap: 1.000
1.494 1.852 -0.105 0.229 -0.080 0.604
Queues: 511 457
1.494 1.852 -0.105 0.229 -0.080 0.604
Queues: 511 458
1.395 1.850 -0.168 0.279 -0.209 0.539
Queues: 512 458
1.395 1.850 -0.168 0.279 -0.209 0.539
Queues: 512 459
1.525 1.775 -0.252 0.252 -0.141 0.492
Queues: 513 459
1.525 1.775 -0.252 0.252 -0.141 0.492
Queues: 513 460
1.432 1.854 -0.207 -0.000 -0.330 0.436
Queues: 514 460
1.432 1.854 -0.207 -0.000 -0.330 0.436
Queues: 514 461
1.264 1.508 -0.277 -0.041 -0.232 0.549
Queues: 515 461
1.264 1.508 -0.277 -0.041 -0.232 0.549
Queues: 515 462
1.131 1.350 -0.514 -0.170 -0.236 0.479
Queues: 515 463
1.131 1.350 -0.514 -0.170 -0.236 0.479
1.639 1.678 -0.160 -0.104 0.221 0.238
Queues: 517 463
Same timestamp, queues: 515 462
Overlap: 1.000
1.131 1.623 -0.592 -0.139 0.037 0.717
Queues: 517 462
1.131 1.623 -0.592 -0.139 0.037 0.717
Queues: 517 463
1.166 1.678 -0.467 -0.160 -0.203 0.502
Queues: 518 463
1.166 1.678 -0.467 -0.160 -0.203 0.502
Queues: 518 464
1.104 1.557 -0.436 -0.350 -0.123 0.396
Queues: 519 464
1.104 1.557 -0.436 -0.350 -0.123 0.396
Queues: 519 465
1.029 1.629 -0.629 -0.311 -0.055 0.672
Queues: 520 465
1.029 1.629 -0.629 -0.311 -0.055 0.672
Queues: 520 466
1.090 1.570 -0.695 -0.408 -0.467 0.441
Queues: 521 466
1.090 1.570 -0.695 -0.408 -0.467 0.441
Queues: 521 467
0.648 0.693 -0.041 -0.021 -0.121 -0.041
0.902 1.414 -0.711 -0.408 -0.127 0.748
Queues: 523 467
0.648 0.693 -0.041 -0.021 -0.121 -0.041
Queues: 523 468
0.902 1.414 -0.711 -0.408 -0.127 0.748
Queues: 523 469
0.641 0.688 -0.041 -0.021 -0.123 -0.035
0.895 1.365 -0.742 -0.420 -0.176 0.881
Queues: 525 469
0.641 0.688 -0.041 -0.021 -0.123 -0.035
Queues: 525 470
Same timestamp, queues: 523 469
Overlap: 1.000
0.895 1.365 -0.742 -0.420 -0.176 0.881
Queues: 524 470
0.641 0.693 -0.041 -0.021 -0.123 -0.043
0.994 1.244 -0.742 -0.420 -0.166 0.590
Queues: 526 470
0.641 0.693 -0.041 -0.021 -0.123 -0.043
Queues: 526 471
Same timestamp, queues: 524 470
Overlap: 1.000
0.994 1.244 -0.742 -0.420 -0.166 0.590
Queues: 525 471
0.795 1.236 -0.834 -0.305 -0.461 0.803
Queues: 526 471
0.953 1.236 -0.834 -0.305 0.020 0.803
Queues: 526 472
Same timestamp, queues: 525 471
Overlap: 0.398
0.648 0.652 -0.041 -0.041 -0.076 -0.039
0.832 1.254 -0.881 -0.328 -0.332 0.770
Queues: 527 471
0.832 1.254 -0.881 -0.328 -0.332 0.770
Queues: 527 472
0.648 0.652 -0.041 -0.041 -0.080 -0.039
0.578 1.264 -0.945 -0.393 -0.131 0.975
Queues: 529 472
0.578 1.264 -0.945 -0.393 -0.131 0.975
Queues: 529 473
0.859 1.305 -0.752 -0.340 -0.020 0.596
0.604 0.604 -0.572 -0.572 -1.281 -1.281
Queues: 531 473
0.859 1.305 -0.752 -0.340 -0.020 0.596
Queues: 531 474
0.742 1.197 -0.869 -0.248 -0.283 0.805
Queues: 532 474
0.742 1.197 -0.869 -0.248 -0.283 0.805
Queues: 532 475
0.828 1.141 -0.648 -0.213 -0.270 0.793
Queues: 533 475
0.828 1.141 -0.648 -0.213 -0.270 0.793
Queues: 533 476
0.775 1.135 -0.688 -0.031 -0.590 0.711
Queues: 534 476
0.775 1.135 -0.688 -0.031 -0.590 0.711
Queues: 534 477
0.504 1.182 -0.592 -0.164 -0.197 0.773
0.693 0.693 -0.021 -0.021 -0.072 -0.072
Queues: 536 477
0.504 1.182 -0.592 -0.164 -0.197 0.773
Queues: 536 478
0.824 1.055 -0.736 -0.125 -0.377 0.475
0.365 0.535 -0.277 -0.158 -1.135 1.166
Queues: 538 478
0.824 1.055 -0.736 -0.125 -0.377 0.475
Queues: 538 479
0.646 1.055 -0.625 -0.094 0.039 0.531
Queues: 539 479
0.646 1.055 -0.625 -0.094 0.039 0.531
Queues: 539 480
0.689 1.082 -0.611 -0.033 -0.408 0.529
Queues: 540 480
0.689 1.082 -0.611 -0.033 -0.408 0.529
Queues: 540 481
0.773 1.076 -0.625 -0.035 -0.174 0.689
Queues: 541 481
0.773 1.076 -0.625 -0.035 -0.174 0.689
Queues: 541 482
0.691 1.182 -0.213 -0.000 0.184 0.658
Queues: 542 482
0.691 1.182 -0.213 -0.000 0.184 0.658
Queues: 542 483
0.650 1.375 -0.197 -0.000 -0.236 0.875
Queues: 543 483
0.650 1.375 -0.197 -0.000 -0.236 0.875
Queues: 543 484
Same timestamp, queues: 542 483
Overlap: 1.000
0.705 1.223 -0.307 0.156 -0.693 0.623
Queues: 543 483
0.705 1.223 -0.307 0.156 -0.693 0.623
Queues: 543 484
0.764 1.178 -0.170 0.307 -0.236 0.703
Queues: 544 484
0.764 1.178 -0.170 0.307 -0.236 0.703
Queues: 544 485
0.768 1.238 -0.039 0.295 -0.590 0.895
Queues: 545 485
0.768 1.238 -0.039 0.273 0.080 0.895
Queues: 545 486
0.760 1.189 -0.137 0.330 -0.129 0.662
Queues: 546 486
0.760 1.189 -0.137 0.330 -0.129 0.662
Queues: 546 487
0.355 1.082 -0.146 0.393 -0.930 1.301
0.426 0.426 0.496 0.496 -0.928 -0.928
1.275 1.275 0.453 0.453 4.648 4.648
Queues: 549 487
0.701 1.082 -0.039 0.393 -0.211 0.873
0.646 0.871 -0.146 -0.035 -0.930 -0.779
Queues: 549 489
0.588 1.346 -0.076 0.270 -0.414 1.301
Queues: 550 489
0.588 1.346 -0.076 0.270 -0.414 1.301
Queues: 550 490
0.738 1.258 -0.000 0.367 0.080 1.010
Queues: 551 490
0.738 1.258 -0.000 0.367 0.080 1.010
Queues: 551 491
0.893 1.396 -0.000 0.295 -0.248 0.701
Queues: 552 491
0.893 1.396 -0.000 0.295 -0.248 0.701
Queues: 552 492
0.760 1.434 -0.000 0.318 -0.113 1.006
Queues: 553 492
0.760 1.434 -0.000 0.318 -0.113 1.006
Queues: 553 493
0.904 1.514 -0.000 0.305 0.016 0.635
Queues: 554 493
0.904 1.514 -0.000 0.305 0.016 0.635
Queues: 554 494
0.936 1.545 0.043 0.367 -0.268 0.891
Queues: 555 494
0.936 1.545 0.043 0.367 -0.268 0.891
Queues: 555 495
1.068 1.549 0.049 0.354 -0.154 0.773
Queues: 556 495
1.068 1.549 0.049 0.354 -0.154 0.773
Queues: 556 496
1.107 1.605 0.090 0.479 0.066 0.840
Queues: 557 496
1.107 1.605 0.090 0.479 0.066 0.840
Queues: 557 497
1.219 1.623 -0.096 0.504 -0.740 0.914
Queues: 558 497
1.219 1.623 -0.096 0.504 0.170 0.914
Queues: 558 498
1.375 1.809 0.104 0.504 -0.027 0.830
Queues: 559 498
1.375 1.809 0.104 0.504 -0.027 0.830
Queues: 559 499
1.439 1.934 0.098 0.400 0.092 0.865
Queues: 560 499
1.439 1.934 0.098 0.400 0.092 0.865
Queues: 560 500
1.477 1.973 0.057 0.250 0.156 0.887
1.465 1.533 0.527 0.527 0.941 1.045
Queues: 562 500
1.477 1.973 0.057 0.250 0.156 0.887
Queues: 562 501
1.477 2.020 -0.000 0.523 -0.115 0.842
Queues: 563 501
1.477 2.020 -0.000 0.523 -0.115 0.842
Queues: 563 502
Same timestamp, queues: 562 501
Overlap: 1.000
1.402 2.100 0.061 0.439 -1.365 1.346
Queues: 563 501
1.428 2.100 0.061 0.400 -0.125 1.346
Queues: 563 502
1.477 2.133 -0.123 0.668 0.096 1.395
Queues: 564 502
1.477 2.133 -0.123 0.668 0.096 1.395
Queues: 564 503
1.607 2.232 -0.137 0.625 -0.604 1.406
Queues: 565 503
1.607 2.232 -0.137 0.625 -0.066 1.406
Queues: 565 504
1.619 2.229 -0.070 0.545 -0.766 1.566
Queues: 566 504
1.619 2.229 -0.000 0.545 -0.018 1.566
Queues: 566 505
1.729 2.363 -0.000 0.535 0.035 1.090
Queues: 567 505
1.729 2.363 -0.000 0.535 0.035 1.090
Queues: 567 506
1.758 2.297 0.131 0.395 -0.123 1.035
Queues: 568 506
1.758 2.297 0.131 0.395 -0.123 1.035
Queues: 568 507
1.867 2.340 -0.000 0.625 -0.316 1.098
Queues: 569 507
1.867 2.340 -0.000 0.625 -0.316 1.098
Queues: 569 508
Same timestamp, queues: 568 507
Overlap: 1.000
1.982 2.438 -0.072 0.408 -0.158 1.064
Queues: 569 507
2.049 2.438 -0.072 0.408 -0.158 0.539
Queues: 569 508
Same timestamp, queues: 568 507
Overlap: 0.487
Queues: 568 507
Queues: 568 507
Queues: 568 507
1.908 2.613 -0.078 -0.000 0.129 1.592
Queues: 569 507
2.133 2.613 -0.076 -0.000 0.129 0.891
Queues: 569 508
Queues: 569 508
2.076 2.604 -0.172 -0.000 0.293 1.113
Queues: 570 508
2.076 2.604 -0.172 -0.000 0.293 1.113
Queues: 570 509
2.314 2.609 -0.254 -0.000 0.084 0.854
Queues: 571 509
2.314 2.609 -0.254 -0.000 0.084 0.854
Queues: 571 510
1.986 2.709 -0.344 -0.000 -1.211 1.414
Queues: 572 510
1.986 2.709 -0.344 -0.000 0.258 1.414
Queues: 572 511
2.371 2.600 -0.262 -0.000 0.354 1.199
Queues: 573 511
2.371 2.600 -0.262 -0.000 0.354 1.199
Queues: 573 512
1.834 2.729 -0.328 -0.078 0.191 1.852
Queues: 574 512
1.834 2.729 -0.328 -0.078 0.191 1.852
Queues: 574 513
2.369 2.805 -0.430 0.088 0.062 1.348
Queues: 575 513
2.369 2.805 -0.430 0.088 0.062 1.348
Queues: 575 514
2.180 2.754 -0.344 -0.000 0.342 1.365
Queues: 576 514
2.180 2.754 -0.344 -0.000 0.342 1.365
Queues: 576 515
2.109 2.682 -0.266 -0.078 0.568 1.875
Queues: 577 515
2.436 2.682 -0.262 -0.078 0.568 1.070
Queues: 577 516
2.410 2.768 -0.354 -0.000 0.389 1.408
Queues: 578 516
2.410 2.768 -0.354 -0.000 0.389 1.408
Queues: 578 517
2.416 2.855 -0.359 -0.000 0.068 1.645
Queues: 579 517
2.479 2.855 -0.359 -0.084 0.068 1.156
Queues: 579 518
2.533 2.861 -0.430 -0.088 -0.529 0.934
Queues: 580 518
2.533 2.861 -0.430 -0.088 0.531 0.934
Queues: 580 519
2.467 2.783 -0.270 -0.088 0.408 1.406
Queues: 581 519
2.467 2.783 -0.270 -0.088 0.408 1.406
Queues: 581 520
2.316 2.818 -0.350 -0.086 0.258 1.762
Queues: 582 520
2.316 2.818 -0.350 -0.086 0.258 1.762
Queues: 582 521
2.828 2.828 -0.000 -0.000 0.539 0.539
Queues: 583 521
2.928 2.971 -0.000 -0.000 0.695 0.707
Queues: 584 521
Queues: 584 521
Queues: 584 521
2.516 2.658 -0.088 -0.086 0.734 1.305
Queues: 585 521
2.516 2.658 -0.088 -0.086 0.734 1.305
Queues: 585 522
2.617 2.857 -0.270 -0.088 0.219 0.531
Queues: 586 522
2.617 2.857 -0.270 -0.088 0.219 0.531
Queues: 586 523
2.432 2.715 -0.250 -0.000 0.488 1.182
Queues: 587 523
2.432 2.715 -0.250 -0.000 0.488 1.182
Queues: 587 524
2.490 2.959 -0.246 -0.078 -0.188 0.568
Queues: 588 524
2.490 2.959 -0.246 -0.078 -0.188 0.568
Queues: 588 525
2.686 2.736 -0.172 -0.170 0.189 0.270
Queues: 589 525
2.410 2.773 -0.498 -0.232 0.168 0.893
Queues: 590 525
2.410 2.773 -0.498 -0.232 0.168 0.893
Queues: 590 526
2.271 2.463 -0.449 -0.311 -0.143 0.398
Queues: 591 526
2.271 2.463 -0.449 -0.311 -0.143 0.398
Queues: 591 527
2.129 2.471 -0.562 -0.332 -0.451 1.105
Queues: 592 527
2.129 2.463 -0.486 -0.381 -0.016 0.604
Queues: 592 528
2.082 2.504 -0.496 -0.000 -0.242 1.289
Queues: 593 528
2.082 2.422 -0.496 -0.334 -0.242 0.412
Queues: 593 529
2.053 2.389 -0.566 -0.273 0.051 0.678
2.447 2.447 -0.156 -0.156 0.410 0.410
Queues: 595 529
2.053 2.389 -0.566 -0.273 0.051 0.678
Queues: 595 530
1.883 2.404 -0.674 -0.348 -1.135 0.822
Queues: 596 530
1.979 2.404 -0.674 -0.408 0.262 0.822
Queues: 596 531
1.979 2.152 -0.695 -0.334 -0.104 0.768
Queues: 597 531
1.979 2.152 -0.695 -0.334 -0.104 0.768
Queues: 597 532
1.898 2.322 -0.662 -0.268 -0.131 0.857
Queues: 598 532
1.898 2.322 -0.662 -0.268 -0.131 0.857
Queues: 598 533
1.893 2.105 -0.734 -0.334 -0.090 0.734
Queues: 599 533
1.893 2.105 -0.734 -0.334 -0.090 0.734
Queues: 599 534
1.750 2.023 -0.752 -0.449 -0.168 0.686
Queues: 600 534
1.750 2.023 -0.752 -0.449 -0.168 0.686
Queues: 600 535
1.684 2.104 -0.736 -0.449 0.105 1.125
Queues: 601 535
1.684 2.104 -0.736 -0.449 0.105 1.125
Queues: 601 536
1.594 1.959 -0.832 -0.352 0.395 1.047
Queues: 602 536
1.594 1.959 -0.832 -0.352 0.395 1.047
Queues: 602 537
1.633 1.980 -0.750 -0.410 -0.141 0.850
Queues: 603 537
1.633 1.980 -0.750 -0.410 -0.141 0.850
Queues: 603 538
1.455 1.830 -0.674 -0.273 0.000 1.061
Queues: 604 538
1.455 1.830 -0.674 -0.273 0.000 1.061
Queues: 604 539
1.492 1.799 -0.629 -0.373 0.199 0.771
Queues: 605 539
1.492 1.799 -0.629 -0.373 0.199 0.771
Queues: 605 540
1.480 1.941 -0.615 -0.295 -0.074 0.693
Queues: 606 540
1.480 1.941 -0.615 -0.295 -0.074 0.693
Queues: 606 541
Same timestamp, queues: 605 540
Overlap: 1.000
1.430 1.855 -0.639 -0.246 -0.688 0.615
Queues: 606 540
1.430 1.855 -0.639 -0.246 -0.688 0.615
Queues: 606 541
Same timestamp, queues: 605 540
Overlap: 1.000
1.426 1.805 -0.654 -0.229 -0.434 0.668
Queues: 606 540
1.426 1.805 -0.654 -0.229 -0.434 0.668
Queues: 606 541
1.387 1.729 -0.615 -0.000 -0.184 0.570
Queues: 607 541
1.387 1.729 -0.615 -0.000 -0.184 0.570
Queues: 607 542
1.348 1.641 -0.453 -0.000 -0.115 0.672
Queues: 608 542
1.348 1.641 -0.453 -0.000 -0.115 0.672
Queues: 608 543
1.389 1.520 -0.393 -0.000 -0.045 0.547
Queues: 609 543
1.389 1.520 -0.393 -0.000 -0.045 0.547
Queues: 609 544
1.176 1.574 -0.477 -0.000 0.094 0.850
Queues: 610 544
1.176 1.574 -0.477 -0.000 0.094 0.850
Queues: 610 545
1.238 1.471 -0.096 -0.000 0.184 0.887
1.355 1.531 -0.639 -0.344 -0.346 0.326
Queues: 612 545
1.238 1.471 -0.096 -0.000 0.184 0.887
Queues: 612 546
1.355 1.531 -0.639 -0.344 -0.346 0.326
Queues: 612 547
Queues: 612 547
Queues: 612 547
Queues: 612 547
Queues: 612 547
Queues: 612 547
Queues: 612 547
Queues: 612 547
2.461 2.660 -0.254 -0.164 0.244 0.998
Queues: 613 547
2.461 2.660 -0.254 -0.164 0.244 0.998
Queues: 613 548
2.564 2.697 -0.254 -0.166 -0.082 0.688
Queues: 614 548
2.564 2.697 -0.254 -0.166 -0.082 0.688
Queues: 614 549
2.461 2.639 -0.254 -0.164 0.531 0.875
Queues: 615 549
2.461 2.639 -0.254 -0.164 0.531 0.875
Queues: 615 550
2.387 2.566 -0.402 -0.170 0.439 1.072
Queues: 616 550
2.387 2.566 -0.402 -0.170 0.439 1.072
Queues: 616 551
2.293 2.650 -0.322 -0.164 0.480 1.250
Queues: 617 551
2.293 2.650 -0.322 -0.164 0.480 1.250
Queues: 617 552
2.178 2.621 -0.254 -0.080 0.441 1.361
Queues: 618 552
2.178 2.621 -0.254 -0.080 0.441 1.361
Queues: 618 553
2.367 2.541 -0.250 -0.164 0.746 1.105
Queues: 619 553
2.367 2.541 -0.250 -0.164 0.746 1.105
Queues: 619 554
Same timestamp, queues: 618 553
Overlap: 1.000
2.410 2.631 -0.250 -0.164 0.363 1.010
Queues: 619 553
2.410 2.631 -0.250 -0.164 0.363 1.010
Queues: 619 554
Same timestamp, queues: 618 553
Overlap: 1.000
2.441 2.582 -0.328 -0.246 0.354 0.887
Queues: 619 553
2.441 2.582 -0.328 -0.246 0.354 0.887
Queues: 619 554
2.477 2.670 -0.332 -0.246 0.240 0.783
Queues: 620 554
2.477 2.670 -0.332 -0.246 0.240 0.783
Queues: 620 555
Queues: 620 555
2.166 2.529 -0.322 -0.000 0.785 1.352
Queues: 621 555
2.166 2.529 -0.322 -0.000 0.785 1.352
Queues: 621 556
2.094 2.553 -0.250 -0.160 0.711 1.488
Queues: 622 556
2.094 2.553 -0.250 -0.160 0.711 1.488
Queues: 622 557
2.240 2.611 -0.250 -0.160 0.443 1.246
Queues: 623 557
2.240 2.611 -0.250 -0.160 0.443 1.246
Queues: 623 558
Same timestamp, queues: 622 557
Overlap: 1.000
2.258 2.590 -0.322 -0.082 0.473 1.322
Queues: 623 557
2.258 2.590 -0.322 -0.082 0.473 1.322
Queues: 623 558
2.568 2.646 -0.328 -0.166 0.115 0.443
Queues: 624 558
2.568 2.646 -0.328 -0.166 0.115 0.443
Queues: 624 559
Same timestamp, queues: 623 558
Overlap: 1.000
2.143 2.291 -0.164 -0.164 1.254 1.494
2.639 2.639 -0.332 -0.250 0.092 0.240
Queues: 625 558
2.297 2.418 -0.242 -0.158 0.807 1.244
Queues: 626 558
2.297 2.418 -0.242 -0.158 0.807 1.244
Queues: 626 559
2.326 2.449 -0.246 -0.158 0.863 1.025
Queues: 627 559
2.326 2.449 -0.246 -0.158 0.863 1.025
Queues: 627 560
Queues: 627 560
Queues: 627 560
2.361 2.537 -0.328 -0.242 0.549 0.877
Queues: 628 560
2.361 2.537 -0.328 -0.242 0.549 0.877
Queues: 628 561
Queues: 628 561
2.127 2.473 -0.408 -0.078 0.531 1.518
Queues: 629 561
2.127 2.473 -0.408 -0.078 0.531 1.518
Queues: 629 562
2.410 2.613 -0.332 -0.164 0.361 0.762
Queues: 630 562
2.410 2.613 -0.332 -0.164 0.361 0.762
Queues: 630 563
2.260 2.576 -0.250 -0.078 0.570 1.377
Queues: 631 563
2.260 2.576 -0.250 -0.078 0.570 1.377
Queues: 631 564
Loaded forest with 14 features: /opt/ros/kinetic/share/leg_detector/config/trained_leg_detector.yaml
[33m[ WARN] [1545925393.288059175, 1541849035.769675442]: Detected jump back in time of 32.6943s. Clearing TF buffer.[0m
[33m[ WARN] [1545925425.997161319, 1541849035.775338103]: Detected jump back in time of 32.6941s. Clearing TF buffer.[0m
... logging to /home/gestom/.ros/log/a6e3a936-08f2-11e9-9e04-98e7f469be44/roslaunch-purkyne-31978.log
Checking log directory for disk usage. This may take awhile.
Press Ctrl-C to interrupt
]2;/home/gestom/projects/radar/src/3l4av/radar/launch/radar.launch
[1mstarted roslaunch server http://purkyne:45473/[0m

SUMMARY
========

PARAMETERS
 * /leg_detector/fixed_frame: laser
 * /leg_detector/publish_leg_markers: True
 * /leg_detector/publish_people_markers: True
 * /radar_detector_ol/max_trains: 5
 * /radar_detector_ol/print_fps: False
 * /radar_detector_ol/round_negatives: 50
 * /radar_detector_ol/round_positives: 50
 * /rosdistro: kinetic
 * /rosversion: 1.12.14
 * /use_sim_time: True

NODES
  /
    Reconfigurator (rqt_reconfigure/rqt_reconfigure)
    evaluator (radar/evaluator)
    legFilter (radar/legFilter)
    leg_detector (leg_detector/leg_detector)
    radar_detector_ol (radar/radar_detector_ol)
    radarology (radar/radarology)
    rosbag_play (rosbag/play)
    rviz (rviz/rviz)
    static_tf_map_to_base_radar_link (tf/static_transform_publisher)

[1mROS_MASTER_URI=http://localhost:11311[0m
]2;/home/gestom/projects/radar/src/3l4av/radar/launch/radar.launch http://localhost:11311
[1mprocess[rosbag_play-1]: started with pid [31995][0m
[1mprocess[Reconfigurator-2]: started with pid [31996][0m
[1mprocess[leg_detector-3]: started with pid [31998][0m
[1mprocess[radar_detector_ol-4]: started with pid [32006][0m
[1mprocess[evaluator-5]: started with pid [32009][0m
[1mprocess[radarology-6]: started with pid [32011][0m
[1mprocess[legFilter-7]: started with pid [32018][0m
[1mprocess[static_tf_map_to_base_radar_link-8]: started with pid [32024][0m
[1mprocess[rviz-9]: started with pid [32028][0m
[rviz-9] killing on exit
[static_tf_map_to_base_radar_link-8] killing on exit
[legFilter-7] killing on exit
[radarology-6] killing on exit
[Reconfigurator-2] killing on exit
[radar_detector_ol-4] killing on exit
[leg_detector-3] killing on exit
[evaluator-5] killing on exit
[rosbag_play-1] killing on exit
shutting down processing monitor...
... shutting down processing monitor complete
[1mdone[0m
